16.6953125
-0.4921875
0.54296875
0.0
0.51171875
-0.3173828125
0.0
0.0
0.0
0.0
0.0
0.0
0.0
1.0859375
-1.3515625
0.0
0.0
0.0
0.0
0.0
0.0
0.0
0.0
-1.28125
0.0
1.03125
0.0
1.15625
0.0
-1.28125
-1.265625
0.0
-1.484375
0.0
0.0
0.0
0.0
-2.1875
0.0
2.3125
0.0
0.0
0.0
1.65625
0.0
0.0
-1.25
0.0
0.0
0.0
-1.1875
0.0
1.59375
0.0
-1.8359375
2.59375
0.0
1.4375
0.0
1.71875
0.0
0.0
0.0
-2.9375
3.75
0.0
0.0
0.0
0.0
0.0
1.8125
0.0
0.0
0.0
0.0
0.0
0.0
-1.4375
1.953125
0.0
1.9375
0.0
0.0
1.75
1.875
0.0
-2.1875
0.0
0.0
0.0
0.0
0.0
0.0
0.0
0.0
0.0
2.5625
0.0
-3.671875
-5.5625
3.0625
0.0
0.0
0.0
0.0
0.0
0.0
-2.625
1.9375
0.0
0.0
0.0
0.0
0.0
0.0
0.0
0.0
0.0
-4.0625
0.0
0.0
0.0
-2.875
-2.375
-3.875
0.0
0.0
2.4375
0.0
0.0
-2.875
0.0
3.875
0.0
0.0
2.65625
0.0
0.0
2.1875
0.0
0.0
0.0
0.0
0.0
4.0625
0.0
0.0
4.583333333333334
0.0
3.125
0.0
-3.0
0.0
4.53125
-2.875
3.5
0.0
0.0
0.0
0.0
0.0
0.0
0.0
0.0
0.0
0.0
0.0
4.125
-2.5
3.75
0.0
0.0
0.0
0.0
-2.5
0.0
0.0
-2.5
2.96875
3.75
-3.5
0.0
4.375
0.0
2.5
0.0
-6.0
0.0
-5.125
2.8125
0.0
0.0
0.0
3.75
-4.5
0.0
0.0
0.0
3.28125
-3.75
0.0
0.0
0.0
0.0
2.65625
0.0
0.0
0.0
0.0
1.625
0.0
-3.0
0.0
0.0
0.0
6.125
3.0
0.0
0.0
0.0
0.0
0.0
5.0
0.0
0.0
-2.875
0.0
-3.125
4.875
-5.25
0.0
0.0
0.0
-4.375
0.0
3.625
0.0
0.0
0.0
0.0
0.0
0.0
-2.96875
2.625
0.0
0.0
0.0
0.0
2.25
0.0
0.0
0.0
0.0
0.0
0.0
-2.96875
0.0
0.0
2.75
3.0
5.75
0.0
5.0
0.0
0.0
0.0
0.0
6.25
0.0
0.0
9.0
4.75
-4.0625
0.0
0.0
6.25
0.0
5.5
0.0
0.0
5.25
0.0
6.5
6.5
0.0
0.0
0.0
0.0
6.25
4.5
0.0
0.0
0.0
0.0
0.0
0.0
-3.4375
6.5
0.0
0.0
0.0
3.75
4.25
0.0
0.0
0.0
-6.875
0.0
-2.75
0.0
0.0
-4.375
-4.75
0.0
0.0
0.0
0.0
0.0
0.0
0.0
0.0
0.0
0.0
0.0
3.125
2.8125
-6.5
0.0
0.0
0.0
2.5
0.0
0.0
0.0
0.0
0.0
3.75
0.0
0.0
-4.6875
-7.5
4.25
0.0
2.75
-5.75
3.25
6.75
0.0
-5.75
-5.75
0.0
0.0
-4.25
0.0
-7.25
-4.75
5.0
-3.25
0.0
0.0
0.0
6.5625
-3.25
3.25
-6.875
0.0
0.0
0.0
7.5
-2.5
-2.75
-3.75
0.0
0.0
0.0
-3.4375
0.0
0.0
-6.25
3.75
0.0
0.0
-6.0
0.0
0.0
0.0
0.0
0.0
3.5
0.0
0.0
0.0
0.0
0.0
0.0
0.0
0.0
-6.0
-6.0
0.0
0.0
0.0
0.0
-4.0
-9.166666666666668
0.0
-6.0
0.0
0.0
0.0
-4.75
0.0
0.0
0.0
-5.9375
0.0
0.0
0.0
0.0
8.5
0.0
0.0
-3.0
-5.5
0.0
0.0
0.0
0.0
0.0
-2.0
0.0
0.0
0.0
3.75
0.0
0.0
0.0
0.0
6.5625
-7.083333333333334
0.0
0.0
6.0
0.0
0.0
0.0
0.0
-4.0
5.9375
0.0
3.4375
-5.0
6.25
-10.5
5.25
0.0
0.0
-5.625
-6.0
0.0
-6.75
0.0
0.0
2.75
0.0
-5.25
-5.0
0.0
0.0
0.0
0.0
-2.75
0.0
6.5625
0.0
-6.5625
0.0
0.0
0.0
0.0
0.0
0.0
0.0
-4.75
0.0
0.0
0.0
0.0
0.0
0.0
0.0
0.0
-3.25
0.0
0.0
-4.75
-6.25
6.25
0.0
0.0
0.0
0.0
0.0
3.75
-4.5
0.0
-3.0
0.0
0.0
0.0
0.0
0.0
0.0
0.0
0.0
0.0
0.0
0.0
0.0
-12.5
0.0
0.0
0.0
0.0
0.0
0.0
0.0
0.0
0.0
0.0
0.0
0.0
0.0
0.0
0.0
0.0
0.0
0.0
0.0
0.0
0.0
0.0
0.0
0.0
0.0
0.0
0.0
0.0
0.0
0.0
0.0
0.0
-10.0
0.0
0.0
0.0
0.0
0.0
0.0
10.625
0.0
0.0
0.0
0.0
0.0
10.0
-10.0
0.0
11.0
-9.5
0.0
0.0
0.0
0.0
0.0
0.0
0.0
0.0
0.0
0.0
0.0
0.0
0.0
0.0
7.5
0.0
0.0
0.0
0.0
0.0
0.0
0.0
10.625
0.0
0.0
0.0
0.0
0.0
9.375
0.0
0.0
0.0
0.0
11.875
0.0
0.0
11.666666666666668
0.0
0.0
0.0
0.0
0.0
0.0
0.0
0.0
0.0
0.0
0.0
0.0
0.0
0.0
0.0
9.375
0.0
0.0
0.0
10.833333333333334
0.0
0.0
0.0
0.0
0.0
0.0
0.0
0.0
-8.5
8.125
0.0
0.0
0.0
0.0
-9.166666666666668
0.0
-10.625
0.0
-10.833333333333334
-9.0
0.0
0.0
0.0
-9.375
8.75
0.0
7.5
0.0
0.0
0.0
0.0
0.0
0.0
0.0
0.0
0.0
0.0
0.0
0.0
0.0
0.0
0.0
13.125
0.0
0.0
-14.375
0.0
0.0
0.0
-11.25
0.0
0.0
0.0
0.0
0.0
0.0
0.0
0.0
-14.0
0.0
0.0
0.0
0.0
0.0
0.0
0.0
0.0
0.0
12.5
0.0
14.0
-12.5
0.0
8.0
0.0
0.0
8.333333333333334
0.0
0.0
0.0
0.0
0.0
13.75
0.0
0.0
0.0
0.0
0.0
0.0
0.0
0.0
0.0
0.0
0.0
-10.0
0.0
0.0
10.0
0.0
0.0
0.0
0.0
0.0
-14.5
10.0
0.0
0.0
-9.375
0.0
0.0
0.0
0.0
-13.75
0.0
0.0
-10.5
0.0
0.0
0.0
0.0
-13.75
0.0
-11.25
10.0
0.0
0.0
0.0
0.0
0.0
0.0
0.0
0.0
0.0
0.0
0.0
9.166666666666668
0.0
0.0
0.0
-8.125
-11.0
0.0
0.0
0.0
-13.0
0.0
0.0
0.0
0.0
11.875
0.0
0.0
0.0
0.0
0.0
0.0
0.0
0.0
0.0
0.0
0.0
0.0
0.0
0.0
0.0
0.0
0.0
0.0
0.0
0.0
11.666666666666668
0.0
0.0
0.0
0.0
0.0
0.0
0.0
0.0
0.0
0.0
0.0
0.0
0.0
0.0
0.0
0.0
0.0
0.0
0.0
10.0
-14.5
0.0
0.0
0.0
0.0
0.0
0.0
0.0
13.0
0.0
0.0
0.0
7.5
0.0
0.0
0.0
0.0
0.0
0.0
0.0
0.0
0.0
0.0
0.0
0.0
13.0
0.0
0.0
0.0
0.0
0.0
0.0
0.0
0.0
0.0
0.0
0.0
0.0
0.0
0.0
0.0
0.0
0.0
8.125
0.0
0.0
0.0
0.0
0.0
0.0
0.0
0.0
0.0
0.0
0.0
0.0
0.0
0.0
0.0
0.0
0.0
0.0
11.5
0.0
0.0
-9.375
0.0
0.0
0.0
0.0
0.0
0.0
0.0
0.0
0.0
11.25
0.0
16.25
0.0
0.0
0.0
0.0
0.0
0.0
-9.375
0.0
0.0
0.0
0.0
0.0
0.0
0.0
0.0
0.0
0.0
10.833333333333334
0.0
0.0
0.0
0.0
0.0
0.0
0.0
-11.875
0.0
0.0
0.0
0.0
0.0
0.0
0.0
0.0
10.625
0.0
0.0
0.0
0.0
10.833333333333334
0.0
0.0
0.0
0.0
10.625
0.0
0.0
0.0
0.0
11.25
0.0
0.0
0.0
0.0
0.0
0.0
0.0
0.0
0.0
0.0
0.0
0.0
0.0
0.0
0.0
0.0
10.0
0.0
0.0
0.0
-12.5
0.0
0.0
0.0
0.0
0.0
0.0
-12.5
0.0
0.0
0.0
0.0
0.0
0.0
11.0
0.0
0.0
0.0
-7.5
0.0
0.0
0.0
0.0
11.666666666666668
0.0
8.75
0.0
0.0
0.0
0.0
0.0
11.875
0.0
0.0
-15.0
0.0
0.0
8.75
0.0
0.0
0.0
8.75
0.0
0.0
0.0
0.0
0.0
0.0
0.0
0.0
0.0
0.0
0.0
0.0
0.0
-10.0
0.0
0.0
