16.6953125
-0.4921875
0.54296875
0.0
0.0
0.0
0.0
0.0
0.0
0.0
0.0
0.0
0.0
1.0859375
-1.3515625
0.0
0.0
0.0
0.0
0.0
0.0
0.0
0.0
-1.28125
0.0
0.0
0.0
0.0
0.0
0.0
0.0
0.0
0.0
0.0
0.0
0.0
0.0
-2.1875
0.0
2.890625
0.0
0.0
0.0
1.65625
0.0
-1.375
0.0
0.0
0.0
0.0
0.0
0.0
0.0
0.0
0.0
2.59375
0.0
0.0
0.0
0.0
0.0
0.0
0.0
-2.9375
3.75
0.0
0.0
0.0
0.0
0.0
0.0
0.0
0.0
0.0
0.0
0.0
0.0
0.0
0.0
0.0
0.0
0.0
0.0
0.0
1.875
0.0
0.0
0.0
0.0
0.0
0.0
0.0
0.0
0.0
0.0
0.0
0.0
0.0
0.0
-5.5625
3.828125
0.0
0.0
0.0
0.0
0.0
0.0
-4.375
3.229166666666667
0.0
0.0
0.0
0.0
0.0
0.0
0.0
0.0
0.0
-4.0625
0.0
0.0
0.0
0.0
-2.96875
-3.875
0.0
0.0
0.0
0.0
0.0
-3.59375
0.0
4.84375
0.0
0.0
0.0
0.0
0.0
0.0
0.0
0.0
0.0
0.0
0.0
0.0
0.0
0.0
0.0
0.0
0.0
0.0
0.0
0.0
0.0
-3.59375
4.375
0.0
0.0
0.0
0.0
0.0
0.0
0.0
0.0
0.0
0.0
0.0
0.0
0.0
3.75
0.0
0.0
0.0
0.0
0.0
0.0
0.0
0.0
0.0
0.0
-4.375
0.0
4.375
0.0
3.125
0.0
-6.0
0.0
0.0
0.0
0.0
0.0
0.0
0.0
-4.5
0.0
0.0
0.0
0.0
-4.6875
0.0
0.0
0.0
0.0
0.0
0.0
0.0
0.0
0.0
0.0
0.0
-3.75
0.0
0.0
0.0
7.65625
3.75
0.0
0.0
0.0
0.0
0.0
0.0
0.0
0.0
0.0
0.0
0.0
4.875
-6.5625
0.0
0.0
0.0
-4.375
0.0
3.625
0.0
0.0
0.0
0.0
0.0
0.0
0.0
0.0
0.0
0.0
0.0
0.0
0.0
0.0
0.0
0.0
0.0
0.0
0.0
0.0
0.0
0.0
4.583333333333334
3.75
5.75
0.0
0.0
0.0
0.0
0.0
0.0
6.25
0.0
0.0
9.0
4.75
0.0
0.0
0.0
0.0
0.0
5.5
0.0
0.0
5.25
0.0
6.5
6.5
0.0
0.0
0.0
0.0
0.0
4.5
0.0
0.0
0.0
0.0
0.0
0.0
0.0
8.125
0.0
0.0
0.0
3.75
4.25
0.0
0.0
0.0
0.0
0.0
-3.4375
0.0
0.0
-3.5
-4.75
0.0
0.0
0.0
0.0
0.0
0.0
0.0
0.0
0.0
0.0
0.0
0.0
0.0
-6.5
0.0
0.0
0.0
0.0
0.0
0.0
0.0
0.0
0.0
4.6875
0.0
0.0
0.0
-7.5
4.25
0.0
0.0
-5.75
4.0625
11.25
0.0
-5.75
-5.75
0.0
0.0
-5.3125
0.0
-7.25
-4.75
0.0
0.0
0.0
0.0
0.0
0.0
-3.25
0.0
0.0
4.0625
0.0
0.0
9.375
0.0
-3.4375
-4.6875
0.0
0.0
0.0
0.0
0.0
0.0
-7.8125
0.0
0.0
0.0
-6.0
0.0
0.0
0.0
0.0
0.0
4.375
0.0
0.0
0.0
0.0
0.0
0.0
0.0
0.0
-6.0
-6.0
0.0
0.0
0.0
0.0
-4.0
0.0
0.0
-7.5
0.0
0.0
0.0
-5.9375
0.0
8.333333333333334
0.0
0.0
0.0
0.0
0.0
0.0
8.5
0.0
0.0
-3.75
-5.5
0.0
0.0
0.0
0.0
0.0
0.0
0.0
0.0
0.0
3.75
0.0
0.0
0.0
0.0
8.75
0.0
0.0
0.0
7.5
0.0
0.0
0.0
0.0
-5.0
0.0
0.0
0.0
-5.0
6.25
-10.5
5.25
0.0
0.0
0.0
-6.0
0.0
-6.75
0.0
0.0
0.0
0.0
-5.25
-6.25
0.0
0.0
0.0
0.0
-4.583333333333334
0.0
0.0
0.0
0.0
0.0
0.0
0.0
0.0
0.0
0.0
0.0
-4.75
0.0
0.0
0.0
0.0
0.0
0.0
0.0
0.0
-4.0625
0.0
0.0
-5.9375
-6.25
6.25
0.0
0.0
0.0
0.0
0.0
3.75
0.0
0.0
0.0
0.0
0.0
0.0
0.0
0.0
0.0
0.0
0.0
0.0
0.0
0.0
0.0
0.0
0.0
0.0
0.0
0.0
0.0
0.0
0.0
0.0
0.0
0.0
0.0
0.0
0.0
0.0
0.0
0.0
0.0
0.0
0.0
0.0
0.0
0.0
0.0
0.0
0.0
0.0
0.0
0.0
0.0
0.0
0.0
0.0
0.0
0.0
0.0
0.0
0.0
0.0
0.0
0.0
0.0
0.0
0.0
0.0
0.0
0.0
0.0
0.0
13.75
0.0
0.0
0.0
0.0
0.0
0.0
0.0
0.0
0.0
0.0
0.0
0.0
0.0
0.0
0.0
0.0
0.0
0.0
0.0
0.0
0.0
0.0
0.0
10.625
0.0
0.0
0.0
0.0
0.0
12.5
0.0
0.0
0.0
0.0
0.0
0.0
0.0
0.0
0.0
0.0
0.0
0.0
0.0
0.0
0.0
0.0
0.0
0.0
0.0
0.0
0.0
0.0
0.0
0.0
0.0
0.0
0.0
0.0
0.0
0.0
0.0
0.0
0.0
0.0
0.0
0.0
-14.166666666666668
0.0
0.0
0.0
0.0
0.0
0.0
0.0
0.0
0.0
0.0
-11.25
0.0
0.0
0.0
0.0
0.0
0.0
0.0
0.0
0.0
0.0
0.0
0.0
0.0
0.0
0.0
0.0
0.0
0.0
0.0
0.0
0.0
0.0
13.125
0.0
0.0
-14.375
0.0
0.0
0.0
0.0
0.0
0.0
0.0
0.0
0.0
0.0
0.0
0.0
0.0
0.0
0.0
0.0
0.0
0.0
0.0
0.0
0.0
0.0
16.666666666666668
0.0
17.5
0.0
0.0
13.333333333333334
0.0
0.0
0.0
0.0
0.0
0.0
0.0
0.0
0.0
0.0
0.0
0.0
0.0
0.0
0.0
0.0
0.0
0.0
0.0
0.0
0.0
0.0
0.0
0.0
0.0
0.0
0.0
0.0
0.0
-18.125
0.0
0.0
0.0
0.0
0.0
0.0
0.0
0.0
-13.75
0.0
0.0
-13.125
0.0
0.0
0.0
0.0
-18.333333333333336
0.0
0.0
12.5
0.0
0.0
0.0
0.0
0.0
0.0
0.0
0.0
0.0
0.0
0.0
0.0
0.0
0.0
0.0
0.0
-13.75
0.0
0.0
0.0
-13.0
0.0
0.0
0.0
0.0
11.875
0.0
0.0
0.0
0.0
0.0
0.0
0.0
0.0
0.0
0.0
0.0
0.0
0.0
0.0
0.0
0.0
0.0
0.0
0.0
0.0
0.0
0.0
0.0
0.0
0.0
0.0
0.0
0.0
0.0
0.0
0.0
0.0
0.0
0.0
0.0
0.0
0.0
0.0
0.0
0.0
0.0
-14.5
0.0
0.0
0.0
0.0
0.0
0.0
0.0
16.25
0.0
0.0
0.0
0.0
0.0
0.0
0.0
0.0
0.0
0.0
0.0
0.0
0.0
0.0
0.0
0.0
16.25
0.0
0.0
0.0
0.0
0.0
0.0
0.0
0.0
0.0
0.0
0.0
0.0
0.0
0.0
0.0
0.0
0.0
0.0
0.0
0.0
0.0
0.0
0.0
0.0
0.0
0.0
0.0
0.0
0.0
0.0
0.0
0.0
0.0
0.0
0.0
0.0
14.375
0.0
0.0
0.0
0.0
0.0
0.0
0.0
0.0
0.0
0.0
0.0
0.0
0.0
0.0
16.25
0.0
0.0
0.0
0.0
0.0
0.0
0.0
0.0
0.0
0.0
0.0
0.0
0.0
0.0
0.0
0.0
0.0
0.0
0.0
0.0
0.0
0.0
0.0
0.0
0.0
-15.833333333333334
0.0
0.0
0.0
0.0
0.0
0.0
0.0
0.0
0.0
0.0
0.0
0.0
0.0
0.0
0.0
0.0
0.0
0.0
0.0
0.0
0.0
0.0
0.0
0.0
0.0
0.0
0.0
0.0
0.0
0.0
0.0
0.0
0.0
0.0
0.0
0.0
0.0
0.0
0.0
0.0
0.0
0.0
0.0
0.0
0.0
0.0
0.0
0.0
0.0
0.0
0.0
0.0
0.0
0.0
0.0
0.0
0.0
0.0
11.0
0.0
0.0
0.0
0.0
0.0
0.0
0.0
0.0
0.0
0.0
0.0
0.0
0.0
0.0
0.0
0.0
0.0
0.0
0.0
-15.0
0.0
0.0
0.0
0.0
0.0
0.0
0.0
0.0
0.0
0.0
0.0
0.0
0.0
0.0
0.0
0.0
0.0
0.0
0.0
0.0
-10.0
0.0
0.0
