16.6953125
0.0
0.0
-0.9566343065675219
0.0
0.0
0.0
0.0
0.0
0.0
0.0
0.0
0.0
0.0
-1.9132686131350434
1.9132686131350436
2.705770421158341
0.0
2.7057704211583413
0.0
0.0
0.0
0.0
-2.7057704211583413
0.0
2.7057704211583413
0.0
0.0
0.0
0.0
-2.7057704211583413
0.0
0.0
-3.826537226270087
0.0
0.0
0.0
-3.8265372262700867
0.0
0.0
0.0
0.0
0.0
0.0
0.0
0.0
0.0
0.0
0.0
0.0
-3.8265372262700867
0.0
3.8265372262700867
0.0
0.0
3.8265372262700867
0.0
3.826537226270087
0.0
0.0
0.0
0.0
0.0
-3.8265372262700863
0.0
0.0
0.0
0.0
-5.411540842316682
0.0
5.411540842316683
0.0
0.0
0.0
0.0
0.0
0.0
0.0
0.0
0.0
0.0
0.0
0.0
0.0
5.411540842316682
0.0
0.0
0.0
0.0
-5.411540842316682
5.411540842316682
0.0
0.0
0.0
0.0
0.0
5.411540842316683
-5.411540842316682
-5.411540842316682
-5.5625
0.0
0.0
0.0
0.0
0.0
0.0
5.411540842316682
-5.411540842316682
0.0
0.0
0.0
0.0
0.0
0.0
0.0
0.0
0.0
0.0
0.0
0.0
0.0
0.0
-5.411540842316682
0.0
-5.411540842316682
0.0
0.0
0.0
0.0
0.0
-7.653074452540174
-7.653074452540175
0.0
0.0
0.0
0.0
0.0
0.0
0.0
0.0
0.0
0.0
0.0
0.0
7.653074452540173
0.0
0.0
7.6530744525401735
0.0
7.653074452540174
7.653074452540174
0.0
-7.653074452540174
0.0
-7.653074452540174
0.0
0.0
0.0
0.0
0.0
0.0
0.0
0.0
0.0
0.0
-7.653074452540174
0.0
7.6530744525401735
0.0
0.0
0.0
0.0
0.0
0.0
-7.653074452540174
0.0
0.0
0.0
0.0
0.0
-7.653074452540175
0.0
0.0
0.0
7.653074452540174
0.0
-7.653074452540174
0.0
-7.6530744525401735
0.0
0.0
0.0
0.0
0.0
-7.653074452540174
7.653074452540174
0.0
-7.6530744525401735
0.0
-7.653074452540174
0.0
0.0
0.0
0.0
0.0
0.0
0.0
0.0
0.0
0.0
0.0
0.0
0.0
0.0
7.653074452540174
7.653074452540175
0.0
0.0
0.0
0.0
0.0
7.653074452540174
0.0
0.0
0.0
0.0
0.0
0.0
0.0
0.0
0.0
0.0
0.0
-7.6530744525401735
0.0
7.6530744525401735
0.0
0.0
0.0
0.0
0.0
0.0
0.0
0.0
0.0
0.0
0.0
7.653074452540174
7.653074452540174
0.0
0.0
7.653074452540174
0.0
0.0
7.653074452540173
-7.6530744525401735
0.0
-10.823081684633364
0.0
0.0
10.823081684633364
0.0
0.0
10.823081684633364
0.0
0.0
0.0
0.0
0.0
0.0
10.823081684633364
0.0
0.0
0.0
0.0
0.0
0.0
0.0
0.0
-10.823081684633364
0.0
0.0
10.823081684633364
10.823081684633364
0.0
0.0
0.0
0.0
10.823081684633364
0.0
0.0
0.0
0.0
0.0
0.0
0.0
0.0
10.823081684633364
0.0
0.0
-10.823081684633364
0.0
0.0
0.0
10.823081684633364
0.0
0.0
0.0
0.0
0.0
0.0
-10.823081684633364
0.0
0.0
0.0
0.0
0.0
0.0
0.0
10.823081684633364
0.0
0.0
0.0
0.0
0.0
0.0
-10.823081684633364
0.0
0.0
0.0
0.0
0.0
0.0
0.0
0.0
0.0
0.0
10.823081684633364
10.823081684633364
0.0
-10.823081684633364
10.823081684633364
0.0
0.0
0.0
10.823081684633364
0.0
0.0
0.0
0.0
0.0
0.0
0.0
0.0
-10.823081684633365
0.0
10.823081684633364
0.0
0.0
0.0
0.0
0.0
-10.823081684633364
0.0
-10.823081684633364
10.823081684633364
0.0
0.0
10.823081684633364
0.0
-10.823081684633364
0.0
0.0
0.0
0.0
0.0
0.0
0.0
-10.823081684633365
10.823081684633364
0.0
-10.823081684633364
0.0
0.0
0.0
0.0
0.0
0.0
0.0
10.823081684633364
0.0
0.0
0.0
0.0
0.0
0.0
0.0
-10.823081684633364
0.0
0.0
0.0
0.0
0.0
0.0
-10.823081684633364
0.0
-10.823081684633364
-10.823081684633364
0.0
0.0
0.0
0.0
10.823081684633364
0.0
-10.823081684633364
0.0
-10.823081684633364
0.0
0.0
0.0
0.0
0.0
0.0
0.0
0.0
0.0
0.0
0.0
0.0
0.0
0.0
0.0
-10.823081684633364
10.823081684633364
0.0
0.0
0.0
0.0
10.823081684633364
0.0
10.823081684633364
0.0
10.823081684633364
0.0
0.0
0.0
10.823081684633364
0.0
10.823081684633364
0.0
10.823081684633364
0.0
10.823081684633365
-10.823081684633364
10.823081684633364
0.0
0.0
0.0
0.0
-10.823081684633364
-10.823081684633364
0.0
0.0
10.823081684633364
0.0
0.0
0.0
0.0
0.0
0.0
0.0
-10.823081684633364
0.0
10.823081684633364
0.0
0.0
0.0
0.0
0.0
0.0
10.823081684633364
0.0
0.0
0.0
0.0
0.0
0.0
-10.823081684633364
-10.823081684633364
0.0
0.0
10.823081684633364
-10.823081684633364
0.0
0.0
0.0
0.0
0.0
0.0
-10.823081684633364
0.0
-10.823081684633364
0.0
10.823081684633364
-10.823081684633364
0.0
0.0
0.0
0.0
0.0
0.0
-10.823081684633364
0.0
0.0
0.0
0.0
0.0
0.0
-15.306148905080347
0.0
15.306148905080349
-15.306148905080349
-15.306148905080349
-15.306148905080347
15.306148905080347
-15.306148905080349
0.0
0.0
15.306148905080349
0.0
0.0
0.0
0.0
0.0
0.0
0.0
0.0
0.0
0.0
0.0
0.0
0.0
0.0
-15.306148905080349
15.306148905080349
15.30614890508035
0.0
0.0
0.0
0.0
15.306148905080347
0.0
0.0
0.0
0.0
0.0
0.0
0.0
0.0
0.0
15.306148905080349
15.306148905080349
0.0
0.0
0.0
15.306148905080349
-15.306148905080349
0.0
0.0
0.0
0.0
0.0
0.0
0.0
0.0
15.306148905080349
0.0
0.0
0.0
0.0
15.306148905080349
0.0
0.0
0.0
0.0
0.0
0.0
0.0
0.0
0.0
0.0
0.0
0.0
0.0
0.0
0.0
0.0
0.0
0.0
15.306148905080349
0.0
15.306148905080349
0.0
0.0
0.0
-15.306148905080347
15.30614890508035
0.0
0.0
0.0
0.0
0.0
0.0
-15.306148905080347
-15.306148905080349
0.0
0.0
0.0
15.30614890508035
0.0
0.0
0.0
0.0
0.0
0.0
0.0
0.0
0.0
0.0
0.0
0.0
0.0
0.0
15.306148905080349
0.0
0.0
0.0
0.0
0.0
0.0
0.0
-15.306148905080347
-15.306148905080349
-15.306148905080347
0.0
0.0
-15.306148905080349
15.306148905080349
0.0
0.0
-15.306148905080349
15.30614890508035
0.0
0.0
0.0
0.0
0.0
0.0
15.306148905080349
0.0
0.0
-15.306148905080349
0.0
-15.306148905080349
0.0
0.0
0.0
0.0
0.0
0.0
0.0
0.0
0.0
-15.306148905080349
-15.306148905080349
0.0
-15.306148905080349
0.0
0.0
15.306148905080349
0.0
0.0
15.306148905080349
0.0
0.0
-15.30614890508035
-15.306148905080349
0.0
0.0
0.0
0.0
15.306148905080347
-15.306148905080345
0.0
0.0
15.306148905080349
-15.306148905080349
15.30614890508035
0.0
15.306148905080349
0.0
0.0
0.0
15.306148905080349
0.0
0.0
0.0
0.0
0.0
0.0
0.0
0.0
0.0
0.0
15.306148905080349
0.0
0.0
0.0
15.306148905080349
0.0
0.0
0.0
15.30614890508035
15.306148905080349
15.306148905080349
0.0
0.0
-15.306148905080349
0.0
0.0
-15.306148905080347
15.306148905080349
0.0
0.0
0.0
0.0
0.0
0.0
0.0
0.0
15.30614890508035
0.0
-15.306148905080349
0.0
0.0
0.0
15.306148905080345
0.0
0.0
-15.306148905080349
15.306148905080349
0.0
0.0
0.0
0.0
0.0
0.0
-15.306148905080349
0.0
0.0
0.0
0.0
15.306148905080347
0.0
0.0
0.0
0.0
-15.306148905080347
0.0
0.0
0.0
-15.306148905080345
0.0
0.0
0.0
0.0
0.0
0.0
-15.306148905080349
0.0
0.0
0.0
0.0
0.0
0.0
0.0
0.0
0.0
-15.306148905080347
0.0
0.0
0.0
0.0
0.0
0.0
0.0
15.306148905080349
15.30614890508035
0.0
0.0
-15.306148905080349
-15.306148905080349
0.0
-15.306148905080349
0.0
0.0
-15.306148905080345
0.0
0.0
0.0
0.0
0.0
0.0
0.0
0.0
0.0
0.0
15.306148905080349
-15.306148905080347
0.0
0.0
0.0
0.0
0.0
-15.30614890508035
0.0
15.306148905080345
0.0
0.0
0.0
0.0
0.0
0.0
0.0
0.0
0.0
0.0
0.0
15.306148905080349
0.0
0.0
0.0
0.0
15.306148905080345
0.0
0.0
15.306148905080345
15.30614890508035
0.0
0.0
0.0
0.0
0.0
0.0
0.0
0.0
0.0
0.0
-15.306148905080349
15.306148905080349
0.0
0.0
0.0
0.0
0.0
15.306148905080347
0.0
0.0
0.0
-15.306148905080349
0.0
0.0
0.0
-15.30614890508035
0.0
0.0
0.0
15.306148905080349
15.306148905080349
0.0
0.0
-15.306148905080349
0.0
0.0
0.0
15.30614890508035
0.0
0.0
15.306148905080349
0.0
15.30614890508035
0.0
0.0
0.0
0.0
0.0
0.0
0.0
0.0
0.0
0.0
0.0
-15.306148905080349
-15.306148905080347
0.0
15.306148905080347
0.0
0.0
0.0
0.0
0.0
0.0
0.0
0.0
0.0
0.0
0.0
0.0
0.0
0.0
0.0
-15.306148905080347
0.0
0.0
0.0
0.0
0.0
0.0
0.0
0.0
15.306148905080347
0.0
0.0
-15.306148905080349
0.0
0.0
0.0
0.0
0.0
0.0
15.306148905080347
0.0
0.0
0.0
0.0
15.306148905080349
15.306148905080349
0.0
0.0
0.0
-15.306148905080349
0.0
0.0
0.0
0.0
15.306148905080349
0.0
0.0
0.0
0.0
0.0
0.0
15.306148905080349
0.0
15.306148905080349
0.0
0.0
0.0
0.0
-15.306148905080349
0.0
-15.306148905080347
0.0
-15.306148905080349
0.0
0.0
0.0
0.0
0.0
0.0
15.306148905080347
0.0
-15.306148905080349
0.0
0.0
0.0
15.306148905080349
0.0
0.0
0.0
0.0
0.0
0.0
0.0
0.0
0.0
0.0
0.0
15.306148905080349
0.0
0.0
0.0
0.0
0.0
0.0
0.0
0.0
0.0
0.0
-15.306148905080349
0.0
0.0
0.0
0.0
0.0
0.0
-15.306148905080349
-15.306148905080349
0.0
0.0
0.0
0.0
0.0
-15.306148905080349
