16.6953125
-0.4921875
0.54296875
0.0
0.6225832952220531
0.0
0.6225832952220531
0.0
0.0
0.0
0.0
0.0
-0.8804657398099601
1.0859375
-1.3515625
0.8804657398099599
1.2451665904441063
0.0
0.0
0.0
0.0
0.0
0.0
-1.28125
0.0
1.2451665904441063
0.0
1.2451665904441063
0.0
-1.28125
-1.265625
0.0
-1.7609314796199198
-1.76093147961992
0.0
0.0
0.0
-2.1875
0.0
2.3125
0.0
0.0
1.76093147961992
1.7609314796199198
0.0
0.0
-1.76093147961992
0.0
0.0
0.0
-1.7609314796199198
0.0
1.7609314796199202
-1.76093147961992
-1.7609314796199198
2.59375
1.76093147961992
1.7609314796199202
1.76093147961992
1.76093147961992
0.0
0.0
-1.76093147961992
-2.9375
3.75
0.0
0.0
0.0
0.0
0.0
0.0
2.4903331808882125
0.0
0.0
0.0
0.0
0.0
0.0
2.490333180888212
0.0
2.4903331808882125
-2.4903331808882125
0.0
2.490333180888212
2.4903331808882125
-2.4903331808882125
-2.490333180888212
0.0
2.490333180888212
0.0
0.0
0.0
0.0
0.0
0.0
0.0
2.5625
-2.490333180888212
-2.9375
-5.5625
3.0625
0.0
0.0
0.0
0.0
0.0
0.0
-2.625
2.4903331808882125
0.0
0.0
0.0
0.0
-2.4903331808882125
0.0
0.0
0.0
0.0
-4.0625
0.0
0.0
0.0
-2.875
-2.4903331808882125
-3.875
0.0
0.0
2.490333180888212
0.0
0.0
-3.5218629592398405
0.0
3.875
0.0
0.0
3.52186295923984
0.0
0.0
3.52186295923984
0.0
3.5218629592398405
0.0
0.0
0.0
3.52186295923984
0.0
0.0
3.5218629592398396
0.0
3.5218629592398405
0.0
-3.52186295923984
-3.52186295923984
3.625
0.0
3.52186295923984
3.5218629592398405
3.52186295923984
0.0
0.0
0.0
0.0
3.5218629592398405
-3.52186295923984
0.0
0.0
0.0
4.125
-3.5218629592398405
3.75
0.0
0.0
3.52186295923984
-3.52186295923984
-3.5218629592398405
0.0
0.0
-3.52186295923984
0.0
3.75
-3.52186295923984
-3.52186295923984
4.375
0.0
0.0
-3.52186295923984
-6.0
0.0
-5.125
3.52186295923984
3.52186295923984
0.0
0.0
3.75
-4.5
3.52186295923984
0.0
0.0
3.52186295923984
-3.75
0.0
0.0
3.52186295923984
-3.52186295923984
3.52186295923984
0.0
0.0
0.0
3.52186295923984
3.52186295923984
0.0
-3.52186295923984
3.52186295923984
0.0
0.0
6.125
3.52186295923984
0.0
3.5218629592398405
0.0
-3.52186295923984
0.0
5.0
0.0
0.0
-3.5218629592398405
0.0
-3.5218629592398405
4.875
-5.25
0.0
0.0
-3.5218629592398405
-4.375
0.0
3.625
-3.5218629592398405
3.52186295923984
3.5218629592398396
0.0
0.0
0.0
0.0
3.52186295923984
3.52186295923984
-3.52186295923984
-3.52186295923984
0.0
3.52186295923984
0.0
-3.52186295923984
3.52186295923984
0.0
0.0
3.52186295923984
-3.5218629592398396
0.0
-4.980666361776425
0.0
0.0
5.75
-4.980666361776425
4.980666361776425
4.980666361776425
0.0
0.0
0.0
6.25
4.980666361776425
0.0
9.0
4.980666361776425
0.0
0.0
-4.980666361776425
5.0
4.980666361776425
5.5
0.0
0.0
5.25
4.980666361776425
6.5
6.5
-4.980666361776425
0.0
0.0
0.0
5.0
4.980666361776425
0.0
0.0
4.980666361776425
0.0
0.0
0.0
0.0
6.5
-4.980666361776425
0.0
-4.980666361776425
4.980666361776425
4.980666361776425
0.0
0.0
0.0
-5.5
0.0
0.0
0.0
0.0
-4.980666361776424
-4.980666361776425
0.0
4.980666361776425
0.0
-4.980666361776425
0.0
0.0
5.5
-4.980666361776425
0.0
0.0
0.0
4.980666361776425
0.0
-6.5
0.0
4.980666361776425
0.0
0.0
0.0
0.0
4.980666361776424
0.0
-4.980666361776425
0.0
0.0
4.980666361776425
-4.980666361776425
-7.5
4.980666361776425
0.0
4.980666361776425
-5.75
4.980666361776425
6.75
0.0
-5.75
-5.75
-4.980666361776425
0.0
-4.980666361776425
0.0
-7.25
-4.980666361776425
4.980666361776425
0.0
-4.980666361776425
0.0
0.0
5.25
-4.980666361776425
0.0
-5.5
0.0
0.0
4.980666361776425
7.5
0.0
0.0
-4.980666361776425
0.0
4.980666361776424
-4.980666361776425
0.0
0.0
0.0
-6.25
0.0
0.0
0.0
-6.0
0.0
4.980666361776425
0.0
-4.980666361776425
0.0
0.0
4.980666361776425
-4.980666361776425
0.0
4.980666361776425
0.0
0.0
0.0
4.980666361776425
-6.0
-6.0
4.980666361776425
0.0
4.980666361776425
4.980666361776425
-4.980666361776425
-5.5
-4.980666361776425
-6.0
-4.980666361776425
-4.980666361776425
4.980666361776425
-4.980666361776425
-4.980666361776425
5.0
0.0
-4.980666361776425
0.0
-4.980666361776425
4.980666361776425
-4.980666361776425
8.5
-4.980666361776425
0.0
-4.980666361776425
-5.5
0.0
-4.980666361776425
0.0
0.0
0.0
-4.980666361776425
4.980666361776425
0.0
0.0
4.980666361776425
0.0
0.0
0.0
0.0
5.25
-4.980666361776425
4.980666361776425
4.980666361776425
6.0
-4.980666361776425
0.0
0.0
0.0
-4.980666361776425
4.980666361776425
0.0
0.0
-4.980666361776425
6.25
-10.5
5.25
0.0
-4.980666361776425
-4.980666361776425
-6.0
-4.980666361776425
-6.75
0.0
0.0
4.980666361776425
0.0
-5.25
-5.0
0.0
0.0
4.980666361776425
0.0
-4.980666361776425
-4.980666361776425
5.25
0.0
-5.25
0.0
0.0
0.0
0.0
0.0
0.0
0.0
-4.980666361776425
4.980666361776425
0.0
0.0
-4.980666361776425
0.0
0.0
0.0
4.980666361776425
-4.980666361776425
4.980666361776424
0.0
-4.980666361776425
-6.25
6.25
0.0
0.0
0.0
-4.980666361776425
4.980666361776425
0.0
-4.980666361776425
0.0
-4.980666361776425
0.0
0.0
0.0
4.980666361776425
-4.980666361776425
0.0
-7.04372591847968
7.043725918479681
0.0
0.0
7.04372591847968
-7.043725918479679
-7.5
0.0
-7.5
0.0
-7.043725918479679
7.043725918479679
-7.043725918479681
-7.04372591847968
0.0
7.043725918479681
0.0
7.04372591847968
7.04372591847968
7.043725918479681
0.0
7.04372591847968
0.0
0.0
0.0
7.04372591847968
0.0
0.0
0.0
-7.04372591847968
-7.04372591847968
0.0
7.04372591847968
0.0
0.0
-7.04372591847968
-7.04372591847968
7.043725918479679
0.0
-7.04372591847968
0.0
0.0
7.043725918479679
0.0
0.0
0.0
8.5
7.04372591847968
7.5
0.0
0.0
-7.04372591847968
8.0
-8.0
0.0
11.0
-9.5
-7.043725918479681
0.0
0.0
-7.04372591847968
0.0
7.043725918479681
-7.04372591847968
0.0
0.0
7.04372591847968
0.0
0.0
7.5
0.0
7.04372591847968
0.0
0.0
0.0
-7.043725918479681
0.0
0.0
0.0
8.5
0.0
7.04372591847968
0.0
0.0
7.04372591847968
7.5
7.04372591847968
0.0
7.04372591847968
7.04372591847968
9.5
-7.04372591847968
0.0
7.04372591847968
0.0
0.0
0.0
0.0
0.0
0.0
-7.043725918479679
0.0
0.0
0.0
7.04372591847968
0.0
0.0
7.04372591847968
0.0
7.5
0.0
-8.0
-7.04372591847968
7.04372591847968
0.0
0.0
0.0
-7.043725918479681
-7.04372591847968
0.0
0.0
0.0
-8.5
7.04372591847968
0.0
7.043725918479679
0.0
0.0
-7.043725918479679
0.0
-8.5
0.0
-7.04372591847968
-9.0
7.04372591847968
7.04372591847968
7.04372591847968
-7.5
7.04372591847968
0.0
7.04372591847968
0.0
0.0
0.0
0.0
7.04372591847968
-7.04372591847968
0.0
-7.043725918479681
-7.04372591847968
0.0
0.0
0.0
-7.04372591847968
0.0
0.0
10.5
0.0
0.0
-11.5
-7.043725918479681
0.0
-7.04372591847968
-9.0
-7.04372591847968
0.0
7.043725918479681
0.0
-7.043725918479681
0.0
-8.0
7.04372591847968
-14.0
0.0
-7.043725918479679
-7.04372591847968
0.0
0.0
0.0
-7.04372591847968
0.0
0.0
10.0
0.0
14.0
-7.5
7.04372591847968
8.0
0.0
0.0
0.0
-7.04372591847968
-7.043725918479679
0.0
0.0
0.0
11.0
7.043725918479681
7.043725918479681
0.0
7.04372591847968
7.043725918479681
0.0
0.0
-7.043725918479679
0.0
0.0
7.04372591847968
-7.04372591847968
0.0
7.04372591847968
8.0
0.0
0.0
-7.04372591847968
0.0
7.04372591847968
-14.5
8.0
7.043725918479681
-9.5
-7.5
0.0
0.0
0.0
-7.04372591847968
-11.0
7.04372591847968
0.0
-10.5
0.0
0.0
0.0
7.04372591847968
-11.0
0.0
-9.0
10.0
0.0
-7.04372591847968
7.043725918479681
-7.043725918479679
-7.04372591847968
7.04372591847968
-7.04372591847968
7.04372591847968
-7.04372591847968
0.0
0.0
7.043725918479679
0.0
7.04372591847968
-7.04372591847968
-7.04372591847968
-11.0
0.0
0.0
0.0
-13.0
7.043725918479681
7.043725918479681
-7.04372591847968
7.04372591847968
9.5
7.043725918479681
0.0
0.0
-7.04372591847968
7.04372591847968
0.0
0.0
0.0
0.0
0.0
7.04372591847968
-7.043725918479679
7.04372591847968
-7.043725918479679
-7.04372591847968
-7.04372591847968
0.0
0.0
0.0
7.04372591847968
7.04372591847968
0.0
0.0
-7.04372591847968
0.0
0.0
-7.043725918479681
0.0
-7.04372591847968
-7.04372591847968
-7.043725918479681
0.0
0.0
0.0
-7.04372591847968
-7.04372591847968
7.04372591847968
0.0
-7.04372591847968
0.0
8.0
-14.5
0.0
0.0
0.0
0.0
0.0
-7.04372591847968
0.0
13.0
0.0
7.04372591847968
-7.043725918479679
7.5
0.0
0.0
0.0
-7.04372591847968
0.0
0.0
7.043725918479681
0.0
-7.04372591847968
0.0
0.0
0.0
13.0
-7.04372591847968
0.0
7.04372591847968
0.0
0.0
0.0
7.04372591847968
0.0
0.0
-7.04372591847968
0.0
0.0
0.0
0.0
0.0
0.0
0.0
7.04372591847968
0.0
0.0
-7.04372591847968
7.043725918479679
0.0
-7.04372591847968
0.0
-7.04372591847968
0.0
0.0
-7.04372591847968
0.0
0.0
0.0
0.0
7.04372591847968
0.0
7.04372591847968
11.5
-7.043725918479681
0.0
-7.5
-7.043725918479679
0.0
0.0
0.0
7.043725918479681
0.0
0.0
-7.043725918479681
0.0
9.0
7.043725918479681
13.0
-7.04372591847968
0.0
0.0
7.04372591847968
0.0
-7.043725918479681
-7.5
-7.043725918479679
7.04372591847968
7.043725918479679
0.0
0.0
7.04372591847968
-7.04372591847968
0.0
0.0
0.0
0.0
0.0
0.0
0.0
7.04372591847968
7.04372591847968
0.0
0.0
-9.5
0.0
-7.043725918479681
0.0
0.0
0.0
7.043725918479679
0.0
0.0
8.5
7.04372591847968
0.0
-7.5
0.0
7.04372591847968
7.04372591847968
0.0
0.0
0.0
8.5
-7.04372591847968
-7.04372591847968
0.0
0.0
9.0
7.043725918479681
0.0
0.0
0.0
-7.04372591847968
7.04372591847968
0.0
7.04372591847968
0.0
0.0
0.0
0.0
0.0
7.04372591847968
0.0
0.0
8.0
0.0
0.0
0.0
-7.5
0.0
0.0
0.0
0.0
0.0
0.0
-7.5
-7.04372591847968
0.0
0.0
7.04372591847968
7.04372591847968
0.0
11.0
-7.04372591847968
-7.04372591847968
0.0
-7.04372591847968
0.0
7.04372591847968
0.0
7.04372591847968
7.04372591847968
0.0
7.04372591847968
-7.04372591847968
0.0
0.0
7.04372591847968
0.0
9.5
7.04372591847968
-7.043725918479681
-12.0
0.0
0.0
7.04372591847968
7.04372591847968
0.0
0.0
7.04372591847968
7.04372591847968
0.0
0.0
0.0
7.04372591847968
0.0
0.0
-7.04372591847968
-7.043725918479681
-7.043725918479681
0.0
0.0
0.0
-7.04372591847968
7.043725918479681
-7.04372591847968
