16.6953125
-0.4921875
0.54296875
0.0
0.51171875
0.0
0.3671875
0.0
0.0
0.0
0.0
0.0
-0.5234375
1.0859375
-1.3515625
0.0
0.0
0.890625
0.0
0.0
0.0
0.0
0.0
-1.28125
0.0
1.03125
0.0
1.15625
0.0
-1.28125
-1.265625
0.0
-1.1875
-1.5
0.0
0.0
0.0
-2.1875
0.84375
2.3125
0.0
0.0
0.0
1.65625
-0.84375
-1.375
0.0
0.0
0.0
0.0
-1.1875
0.0
1.59375
-1.125
-1.46875
2.59375
0.0
1.4375
0.0
1.71875
-0.84375
0.0
0.0
-2.9375
3.75
0.0
0.0
0.0
0.0
0.0
1.8125
1.125
0.0
0.0
0.0
0.0
0.0
-1.4375
1.5625
0.0
1.9375
0.0
0.0
1.75
1.875
0.0
-1.75
0.0
0.0
0.0
0.0
0.0
0.0
0.0
0.0
0.0
2.5625
-1.75
-2.9375
-5.5625
3.0625
0.0
0.0
0.0
0.0
0.0
0.0
-2.625
1.9375
0.0
0.0
0.0
0.0
-1.3125
-1.6875
0.0
0.0
0.0
-4.0625
0.0
0.0
1.125
-2.875
-2.375
-3.875
1.5
0.0
2.4375
0.0
0.0
-2.875
0.0
3.875
0.0
0.0
2.125
0.0
0.0
1.75
-2.125
0.0
0.0
0.0
0.0
3.25
0.0
2.375
2.75
0.0
2.5
0.0
-3.0
-3.125
3.625
-2.875
3.5
0.0
0.0
0.0
0.0
0.0
0.0
0.0
-2.0
0.0
0.0
0.0
4.125
-2.5
3.75
0.0
1.625
0.0
0.0
-2.5
0.0
0.0
-2.0
2.375
3.75
-3.5
0.0
4.375
1.875
2.5
-1.75
-6.0
0.0
-5.125
2.25
2.0
-1.625
2.125
3.75
-4.5
3.0
0.0
0.0
2.625
-3.75
0.0
0.0
2.125
0.0
2.125
-1.875
0.0
0.0
0.0
1.625
0.0
-3.0
1.875
0.0
1.875
6.125
3.0
0.0
0.0
0.0
-1.625
0.0
5.0
0.0
0.0
-2.875
0.0
-2.5
4.875
-5.25
-1.625
0.0
0.0
-4.375
0.0
3.625
0.0
0.0
2.375
0.0
0.0
0.0
-2.375
2.625
0.0
-3.0
-1.875
2.625
2.25
0.0
0.0
2.0
0.0
0.0
3.25
-2.375
0.0
-2.75
2.75
3.0
5.75
-2.5
4.0
0.0
4.0
0.0
-3.5
6.25
2.5
0.0
9.0
4.75
-3.25
0.0
0.0
5.0
2.5
5.5
0.0
0.0
5.25
2.5
6.5
6.5
0.0
0.0
0.0
0.0
5.0
4.5
-2.25
0.0
3.75
0.0
0.0
0.0
-2.75
6.5
0.0
0.0
-2.5
3.75
4.25
3.25
0.0
0.0
-5.5
0.0
-2.75
0.0
0.0
-3.5
-4.75
0.0
4.0
0.0
0.0
2.25
0.0
5.5
-4.25
0.0
0.0
0.0
2.5
2.25
-6.5
0.0
0.0
0.0
0.0
0.0
0.0
3.5
0.0
0.0
3.75
0.0
2.75
-3.75
-7.5
4.25
0.0
2.75
-5.75
3.25
6.75
0.0
-5.75
-5.75
-2.5
0.0
-4.25
0.0
-7.25
-4.75
4.0
-3.25
-2.75
0.0
0.0
5.25
-3.25
3.25
-5.5
3.25
0.0
0.0
7.5
0.0
-2.75
-3.75
0.0
0.0
0.0
-2.75
0.0
0.0
-6.25
3.75
0.0
0.0
-6.0
0.0
0.0
0.0
-3.25
0.0
3.5
4.0
-3.0
0.0
0.0
0.0
0.0
0.0
0.0
-6.0
-6.0
2.5
3.25
3.0
0.0
-4.0
-5.5
0.0
-6.0
-4.5
0.0
0.0
-4.75
-3.0
5.0
0.0
-4.75
0.0
0.0
2.5
-3.25
8.5
0.0
0.0
-3.0
-5.5
0.0
0.0
-2.5
0.0
-2.75
0.0
4.25
0.0
0.0
3.75
0.0
0.0
0.0
0.0
5.25
-4.25
0.0
0.0
6.0
0.0
-2.75
0.0
0.0
-4.0
4.75
0.0
2.75
-4.0
6.25
-10.5
5.25
0.0
-3.25
-4.5
-6.0
-4.0
-6.75
0.0
0.0
2.75
0.0
-5.25
-5.0
-3.25
2.75
0.0
0.0
-2.75
0.0
5.25
0.0
-5.25
0.0
0.0
-3.25
0.0
2.75
0.0
0.0
-4.75
3.0
0.0
0.0
-2.5
0.0
0.0
0.0
4.75
-3.25
3.5
0.0
-4.75
-6.25
6.25
0.0
-4.0
0.0
-3.0
0.0
3.75
-4.5
0.0
-3.0
0.0
0.0
0.0
0.0
-3.75
0.0
-4.5
5.0
-3.5
0.0
6.0
-5.5
-7.5
5.0
-7.5
-4.5
-5.5
5.5
0.0
-4.5
0.0
0.0
0.0
0.0
0.0
0.0
0.0
0.0
4.5
0.0
0.0
0.0
0.0
0.0
0.0
-4.0
-4.5
4.0
3.5
0.0
0.0
0.0
-4.5
5.5
0.0
-6.0
0.0
0.0
5.5
0.0
0.0
0.0
8.5
6.0
7.5
0.0
0.0
-4.0
8.0
-8.0
0.0
11.0
-9.5
0.0
0.0
0.0
-4.5
0.0
0.0
0.0
0.0
0.0
0.0
0.0
4.0
7.5
0.0
6.0
0.0
0.0
0.0
-5.0
0.0
0.0
4.0
8.5
0.0
0.0
0.0
0.0
0.0
7.5
4.5
0.0
0.0
0.0
9.5
0.0
-5.5
7.0
0.0
0.0
0.0
0.0
4.0
0.0
-5.5
0.0
0.0
0.0
6.5
3.5
0.0
6.0
0.0
7.5
0.0
-8.0
-6.5
6.5
0.0
0.0
0.0
-5.0
-6.0
0.0
0.0
0.0
-8.5
6.5
0.0
5.5
0.0
0.0
-5.5
0.0
-8.5
3.5
-6.5
-9.0
0.0
4.0
4.0
-7.5
7.0
0.0
6.0
0.0
0.0
0.0
0.0
4.5
0.0
0.0
-5.0
0.0
0.0
0.0
0.0
-3.5
0.0
0.0
10.5
-4.0
0.0
-11.5
-5.0
-5.0
-3.5
-9.0
0.0
0.0
0.0
0.0
-5.0
0.0
-8.0
0.0
-14.0
0.0
-5.5
-7.0
0.0
0.0
5.5
-6.5
0.0
0.0
10.0
-4.5
14.0
-7.5
6.0
8.0
0.0
0.0
5.0
-6.0
-5.5
0.0
0.0
3.5
11.0
5.0
0.0
5.0
4.0
5.0
0.0
0.0
-5.5
5.0
0.0
3.5
-6.0
3.5
0.0
8.0
0.0
0.0
-4.0
0.0
4.5
-14.5
8.0
5.0
-9.5
-7.5
0.0
0.0
0.0
-6.0
-11.0
7.0
0.0
-10.5
4.0
0.0
0.0
6.5
-11.0
0.0
-9.0
10.0
0.0
-4.0
0.0
-5.5
-6.5
4.0
-4.5
3.5
-6.0
0.0
0.0
5.5
0.0
4.5
0.0
-6.5
-11.0
0.0
0.0
0.0
-13.0
0.0
5.0
-3.5
0.0
9.5
0.0
0.0
0.0
0.0
0.0
0.0
0.0
0.0
0.0
0.0
3.5
-5.5
4.0
-5.5
-4.5
-3.5
0.0
0.0
0.0
6.0
7.0
0.0
0.0
0.0
0.0
-5.0
-5.0
0.0
-3.5
-6.5
0.0
0.0
0.0
0.0
-4.0
-4.0
6.0
0.0
-6.5
0.0
8.0
-14.5
0.0
4.5
4.0
0.0
0.0
-7.0
0.0
13.0
0.0
0.0
-5.5
7.5
0.0
0.0
5.0
-6.5
0.0
0.0
5.0
6.0
-7.0
0.0
-4.5
0.0
13.0
-7.0
0.0
6.5
3.5
6.5
0.0
3.5
0.0
0.0
0.0
0.0
4.0
0.0
0.0
-4.5
0.0
0.0
6.5
0.0
3.5
0.0
5.5
0.0
-6.5
0.0
-6.0
0.0
-3.5
-4.0
-3.5
0.0
0.0
0.0
0.0
0.0
4.0
11.5
0.0
-4.0
-7.5
-5.5
3.5
0.0
0.0
5.0
0.0
3.5
-5.0
0.0
9.0
5.0
13.0
0.0
0.0
0.0
0.0
-4.5
-5.0
-7.5
-5.5
4.0
5.5
0.0
4.0
3.5
0.0
0.0
0.0
0.0
6.5
0.0
0.0
0.0
4.5
0.0
0.0
0.0
-9.5
0.0
-5.0
0.0
0.0
0.0
5.5
0.0
0.0
8.5
0.0
4.5
-7.5
0.0
6.5
4.5
0.0
0.0
0.0
8.5
0.0
-6.5
0.0
0.0
9.0
5.0
0.0
0.0
-3.5
-4.5
0.0
0.0
0.0
0.0
0.0
4.0
0.0
0.0
4.5
0.0
-3.5
8.0
0.0
0.0
0.0
-7.5
0.0
0.0
-4.0
0.0
-5.5
0.0
-7.5
0.0
0.0
0.0
0.0
0.0
0.0
11.0
0.0
0.0
3.5
-6.0
0.0
4.5
0.0
6.0
7.0
-3.5
7.0
-6.5
4.0
0.0
0.0
0.0
9.5
0.0
-5.0
-12.0
0.0
0.0
7.0
4.0
0.0
0.0
7.0
6.5
0.0
-3.5
0.0
6.0
0.0
0.0
-6.5
-5.0
-5.0
0.0
4.0
4.0
-6.0
0.0
-6.0
