16.6953125
-1.3583601121539737
1.9210112931947882
0.0
2.7167202243079474
0.0
0.0
0.0
0.0
0.0
0.0
0.0
-3.842022586389575
0.0
0.0
0.0
0.0
0.0
0.0
0.0
0.0
0.0
0.0
0.0
0.0
0.0
0.0
0.0
0.0
0.0
0.0
0.0
0.0
0.0
0.0
0.0
0.0
0.0
0.0
0.0
0.0
0.0
0.0
7.684045172779151
0.0
0.0
0.0
0.0
0.0
0.0
0.0
0.0
0.0
0.0
0.0
0.0
0.0
0.0
0.0
0.0
0.0
0.0
0.0
-7.68404517277915
10.86688089723179
0.0
0.0
0.0
0.0
0.0
0.0
0.0
0.0
0.0
0.0
0.0
0.0
0.0
0.0
0.0
0.0
0.0
0.0
0.0
0.0
0.0
0.0
0.0
0.0
0.0
0.0
0.0
0.0
0.0
0.0
0.0
0.0
0.0
0.0
0.0
0.0
0.0
0.0
0.0
0.0
0.0
10.86688089723179
-10.86688089723179
0.0
0.0
0.0
0.0
0.0
0.0
0.0
0.0
0.0
0.0
0.0
0.0
0.0
0.0
-10.86688089723179
0.0
0.0
0.0
0.0
0.0
0.0
0.0
0.0
0.0
0.0
0.0
0.0
0.0
0.0
0.0
0.0
0.0
0.0
0.0
0.0
0.0
0.0
0.0
0.0
0.0
0.0
0.0
0.0
-15.368090345558304
0.0
0.0
0.0
0.0
0.0
0.0
0.0
0.0
0.0
0.0
0.0
-15.368090345558304
0.0
0.0
0.0
15.368090345558302
-15.368090345558304
0.0
0.0
0.0
0.0
0.0
0.0
0.0
0.0
0.0
0.0
15.368090345558304
0.0
0.0
0.0
0.0
15.368090345558304
-15.368090345558306
0.0
0.0
-15.368090345558302
0.0
0.0
0.0
0.0
0.0
-15.368090345558304
0.0
0.0
0.0
0.0
0.0
0.0
0.0
0.0
0.0
0.0
-15.368090345558304
0.0
0.0
0.0
0.0
0.0
0.0
0.0
0.0
0.0
0.0
0.0
0.0
0.0
0.0
0.0
0.0
0.0
0.0
0.0
0.0
-15.368090345558302
0.0
15.368090345558302
0.0
0.0
0.0
0.0
0.0
0.0
0.0
0.0
0.0
0.0
0.0
0.0
0.0
0.0
0.0
0.0
0.0
0.0
0.0
0.0
0.0
0.0
0.0
0.0
0.0
0.0
0.0
0.0
0.0
0.0
0.0
0.0
0.0
0.0
0.0
0.0
-21.73376179446358
0.0
21.733761794463582
0.0
0.0
0.0
0.0
0.0
0.0
0.0
21.73376179446358
0.0
0.0
0.0
0.0
21.73376179446358
21.73376179446358
0.0
21.73376179446358
0.0
0.0
0.0
0.0
21.73376179446358
0.0
0.0
0.0
0.0
0.0
0.0
0.0
0.0
0.0
0.0
0.0
0.0
0.0
0.0
0.0
0.0
0.0
0.0
0.0
-21.73376179446358
0.0
0.0
0.0
-21.73376179446358
0.0
21.73376179446358
0.0
-21.73376179446358
0.0
0.0
21.73376179446358
0.0
0.0
21.73376179446358
0.0
0.0
0.0
0.0
0.0
0.0
0.0
0.0
0.0
0.0
0.0
0.0
0.0
0.0
0.0
0.0
0.0
-21.73376179446358
0.0
0.0
0.0
0.0
0.0
21.733761794463575
0.0
0.0
-21.73376179446358
0.0
0.0
0.0
0.0
0.0
0.0
0.0
0.0
0.0
0.0
0.0
0.0
0.0
0.0
-21.73376179446358
0.0
0.0
0.0
0.0
0.0
0.0
0.0
0.0
0.0
0.0
-21.73376179446358
0.0
0.0
0.0
0.0
0.0
0.0
0.0
0.0
0.0
0.0
0.0
0.0
21.73376179446358
0.0
0.0
0.0
0.0
0.0
0.0
0.0
0.0
0.0
0.0
0.0
0.0
0.0
0.0
0.0
-21.73376179446358
0.0
0.0
0.0
0.0
0.0
0.0
-21.73376179446358
0.0
0.0
0.0
0.0
0.0
0.0
0.0
21.73376179446358
0.0
0.0
-21.73376179446358
0.0
0.0
0.0
0.0
0.0
0.0
0.0
21.73376179446358
0.0
0.0
0.0
0.0
0.0
0.0
0.0
0.0
-21.73376179446358
21.73376179446358
0.0
0.0
0.0
0.0
0.0
0.0
0.0
0.0
0.0
0.0
-21.73376179446358
21.733761794463582
-21.73376179446358
0.0
0.0
0.0
0.0
0.0
0.0
-21.733761794463575
0.0
0.0
0.0
0.0
0.0
-21.73376179446358
0.0
0.0
0.0
21.73376179446358
0.0
0.0
0.0
0.0
-21.73376179446358
0.0
0.0
0.0
0.0
0.0
0.0
0.0
0.0
0.0
0.0
0.0
0.0
0.0
0.0
0.0
21.73376179446358
0.0
0.0
0.0
0.0
0.0
0.0
0.0
0.0
0.0
-21.73376179446358
0.0
0.0
0.0
0.0
0.0
0.0
0.0
0.0
0.0
0.0
0.0
-30.73618069111661
0.0
0.0
0.0
0.0
0.0
0.0
0.0
0.0
0.0
0.0
0.0
0.0
0.0
0.0
0.0
0.0
0.0
0.0
0.0
0.0
0.0
0.0
0.0
0.0
0.0
0.0
0.0
0.0
0.0
0.0
0.0
0.0
0.0
0.0
0.0
0.0
0.0
0.0
0.0
0.0
0.0
0.0
0.0
0.0
0.0
0.0
30.73618069111661
0.0
0.0
0.0
0.0
0.0
0.0
0.0
0.0
0.0
0.0
30.73618069111661
0.0
0.0
0.0
0.0
0.0
0.0
0.0
0.0
0.0
0.0
30.73618069111661
0.0
0.0
0.0
0.0
0.0
-30.73618069111661
0.0
0.0
0.0
0.0
0.0
0.0
0.0
0.0
0.0
0.0
0.0
0.0
0.0
0.0
0.0
0.0
0.0
0.0
0.0
0.0
0.0
0.0
0.0
-30.73618069111661
0.0
0.0
0.0
0.0
0.0
0.0
0.0
0.0
0.0
30.73618069111661
0.0
0.0
0.0
0.0
0.0
0.0
0.0
0.0
0.0
0.0
0.0
0.0
0.0
0.0
0.0
0.0
0.0
0.0
0.0
0.0
-30.736180691116605
0.0
0.0
0.0
0.0
0.0
30.73618069111661
0.0
0.0
-30.73618069111661
0.0
0.0
0.0
0.0
0.0
0.0
0.0
-30.73618069111661
0.0
-30.73618069111661
0.0
0.0
0.0
0.0
0.0
0.0
30.73618069111661
0.0
0.0
-30.73618069111661
0.0
-30.73618069111661
0.0
0.0
0.0
0.0
0.0
0.0
0.0
30.73618069111661
0.0
0.0
-30.736180691116612
0.0
0.0
0.0
0.0
0.0
0.0
0.0
0.0
0.0
30.73618069111661
0.0
0.0
0.0
30.73618069111661
0.0
0.0
0.0
0.0
0.0
0.0
0.0
0.0
0.0
0.0
0.0
0.0
30.73618069111661
30.73618069111661
0.0
0.0
0.0
0.0
0.0
0.0
0.0
0.0
0.0
0.0
30.73618069111661
0.0
0.0
0.0
0.0
0.0
-30.736180691116605
0.0
0.0
0.0
0.0
0.0
0.0
0.0
0.0
-30.736180691116605
0.0
0.0
0.0
0.0
0.0
0.0
30.7361806911166
-30.736180691116605
0.0
0.0
0.0
0.0
0.0
0.0
0.0
0.0
30.73618069111661
-30.73618069111661
0.0
0.0
0.0
0.0
0.0
0.0
0.0
0.0
0.0
-30.736180691116605
0.0
0.0
0.0
0.0
0.0
0.0
0.0
30.73618069111661
30.736180691116605
0.0
0.0
0.0
0.0
0.0
0.0
0.0
0.0
0.0
0.0
0.0
0.0
0.0
0.0
0.0
0.0
0.0
0.0
0.0
30.73618069111661
0.0
0.0
0.0
0.0
0.0
0.0
0.0
0.0
0.0
0.0
0.0
0.0
0.0
0.0
0.0
0.0
0.0
0.0
0.0
0.0
0.0
-30.736180691116605
0.0
0.0
0.0
0.0
0.0
0.0
0.0
30.7361806911166
0.0
0.0
-30.736180691116605
30.73618069111661
0.0
0.0
0.0
0.0
0.0
0.0
0.0
30.73618069111661
-30.736180691116612
0.0
0.0
0.0
0.0
0.0
0.0
0.0
0.0
30.7361806911166
0.0
0.0
30.73618069111661
0.0
0.0
0.0
0.0
0.0
-30.73618069111661
0.0
0.0
0.0
0.0
0.0
0.0
0.0
0.0
0.0
0.0
0.0
0.0
0.0
0.0
0.0
0.0
0.0
0.0
0.0
0.0
0.0
0.0
30.73618069111661
0.0
0.0
0.0
0.0
0.0
0.0
0.0
0.0
0.0
0.0
0.0
0.0
0.0
0.0
0.0
0.0
30.73618069111661
0.0
0.0
0.0
0.0
0.0
0.0
0.0
0.0
0.0
0.0
0.0
0.0
0.0
0.0
0.0
0.0
0.0
0.0
0.0
0.0
0.0
0.0
0.0
0.0
30.73618069111661
0.0
0.0
0.0
0.0
0.0
-30.73618069111661
0.0
0.0
0.0
0.0
0.0
0.0
0.0
0.0
0.0
0.0
0.0
0.0
0.0
-30.7361806911166
0.0
0.0
0.0
30.73618069111661
0.0
0.0
0.0
0.0
0.0
0.0
0.0
0.0
0.0
30.73618069111661
0.0
0.0
0.0
0.0
0.0
0.0
0.0
0.0
0.0
-30.73618069111661
0.0
0.0
0.0
0.0
-30.736180691116605
0.0
0.0
0.0
0.0
0.0
0.0
0.0
0.0
30.736180691116605
-30.73618069111661
0.0
0.0
0.0
0.0
0.0
0.0
0.0
30.736180691116612
0.0
0.0
0.0
0.0
0.0
0.0
0.0
0.0
0.0
-30.73618069111661
0.0
0.0
0.0
0.0
0.0
0.0
0.0
30.736180691116612
0.0
0.0
0.0
0.0
0.0
0.0
0.0
0.0
-30.73618069111661
0.0
0.0
0.0
0.0
-30.73618069111661
0.0
0.0
