16.6953125
-0.4921875
0.54296875
0.0
0.0
0.0
0.0
0.0
0.0
0.0
0.0
0.0
0.0
1.0859375
-1.3515625
0.0
0.0
0.0
0.0
0.0
0.0
0.0
0.0
0.0
0.0
0.0
0.0
0.0
0.0
0.0
0.0
0.0
0.0
0.0
0.0
0.0
0.0
-2.1875
0.0
2.3125
0.0
0.0
0.0
0.0
0.0
0.0
0.0
0.0
0.0
0.0
0.0
0.0
0.0
0.0
0.0
2.59375
0.0
0.0
0.0
0.0
0.0
0.0
0.0
-2.9375
3.75
0.0
0.0
0.0
0.0
0.0
0.0
0.0
0.0
0.0
0.0
0.0
0.0
0.0
0.0
0.0
0.0
0.0
0.0
0.0
0.0
0.0
0.0
0.0
0.0
0.0
0.0
0.0
0.0
0.0
0.0
0.0
0.0
0.0
-2.9375
-5.5625
3.0625
0.0
0.0
0.0
0.0
0.0
0.0
0.0
0.0
0.0
0.0
0.0
0.0
0.0
0.0
0.0
0.0
0.0
-4.0625
0.0
0.0
0.0
-2.875
0.0
-3.875
0.0
0.0
0.0
0.0
0.0
0.0
0.0
3.875
0.0
0.0
0.0
0.0
0.0
0.0
0.0
0.0
0.0
0.0
0.0
0.0
0.0
0.0
0.0
0.0
0.0
0.0
0.0
0.0
0.0
0.0
0.0
0.0
0.0
0.0
0.0
0.0
0.0
0.0
0.0
0.0
0.0
0.0
4.125
0.0
3.75
0.0
0.0
0.0
0.0
0.0
0.0
0.0
0.0
0.0
3.75
0.0
0.0
4.375
0.0
0.0
0.0
-6.0
0.0
-5.125
0.0
0.0
0.0
0.0
3.75
-4.5
0.0
0.0
0.0
0.0
-3.75
0.0
0.0
0.0
0.0
0.0
0.0
0.0
0.0
0.0
0.0
0.0
0.0
0.0
0.0
0.0
6.125
0.0
0.0
0.0
0.0
0.0
0.0
5.0
0.0
0.0
0.0
0.0
0.0
4.875
-5.25
0.0
0.0
0.0
-4.375
0.0
0.0
0.0
0.0
0.0
0.0
0.0
0.0
0.0
0.0
0.0
0.0
0.0
0.0
0.0
0.0
0.0
0.0
0.0
0.0
0.0
0.0
0.0
0.0
0.0
0.0
5.75
0.0
0.0
0.0
0.0
0.0
0.0
6.25
0.0
0.0
9.0
0.0
0.0
0.0
0.0
0.0
0.0
5.5
0.0
0.0
0.0
0.0
6.5
6.5
0.0
0.0
0.0
0.0
0.0
0.0
0.0
0.0
0.0
0.0
0.0
0.0
0.0
6.5
0.0
0.0
0.0
0.0
0.0
0.0
0.0
0.0
-5.5
0.0
0.0
0.0
0.0
0.0
0.0
0.0
0.0
0.0
0.0
0.0
0.0
5.5
0.0
0.0
0.0
0.0
0.0
0.0
-6.5
0.0
0.0
0.0
0.0
0.0
0.0
0.0
0.0
0.0
0.0
0.0
0.0
0.0
-7.5
0.0
0.0
0.0
-5.75
0.0
6.75
0.0
-5.75
-5.75
0.0
0.0
0.0
0.0
-7.25
0.0
0.0
0.0
0.0
0.0
0.0
0.0
0.0
0.0
-5.5
0.0
0.0
0.0
7.5
0.0
0.0
0.0
0.0
0.0
0.0
0.0
0.0
0.0
-6.25
0.0
0.0
0.0
-6.0
0.0
0.0
0.0
0.0
0.0
0.0
0.0
0.0
0.0
0.0
0.0
0.0
0.0
0.0
-6.0
-6.0
0.0
0.0
0.0
0.0
0.0
-5.5
0.0
-6.0
0.0
0.0
0.0
0.0
0.0
0.0
0.0
0.0
0.0
0.0
0.0
0.0
8.5
0.0
0.0
0.0
-5.5
0.0
0.0
0.0
0.0
0.0
0.0
0.0
0.0
0.0
0.0
0.0
0.0
0.0
0.0
5.25
0.0
0.0
0.0
6.0
0.0
0.0
0.0
0.0
0.0
0.0
0.0
0.0
0.0
6.25
-10.5
0.0
0.0
0.0
0.0
-6.0
0.0
-6.75
0.0
0.0
0.0
0.0
0.0
0.0
0.0
0.0
0.0
0.0
0.0
0.0
0.0
0.0
-5.25
0.0
0.0
0.0
0.0
0.0
0.0
0.0
0.0
0.0
0.0
0.0
0.0
0.0
0.0
0.0
0.0
0.0
0.0
0.0
0.0
-6.25
6.25
0.0
0.0
0.0
0.0
0.0
0.0
0.0
0.0
0.0
0.0
0.0
0.0
0.0
0.0
0.0
0.0
0.0
0.0
0.0
0.0
0.0
-7.5
0.0
-7.5
0.0
0.0
0.0
0.0
0.0
0.0
0.0
0.0
0.0
0.0
0.0
0.0
0.0
0.0
0.0
0.0
0.0
0.0
0.0
0.0
0.0
0.0
0.0
0.0
0.0
0.0
0.0
0.0
0.0
0.0
0.0
0.0
0.0
0.0
0.0
0.0
0.0
8.5
0.0
7.5
0.0
0.0
0.0
8.0
-8.0
0.0
11.0
-9.5
0.0
0.0
0.0
0.0
0.0
0.0
0.0
0.0
0.0
0.0
0.0
0.0
7.5
0.0
0.0
0.0
0.0
0.0
0.0
0.0
0.0
0.0
8.5
0.0
0.0
0.0
0.0
0.0
7.5
0.0
0.0
0.0
0.0
9.5
0.0
0.0
0.0
0.0
0.0
0.0
0.0
0.0
0.0
0.0
0.0
0.0
0.0
0.0
0.0
0.0
0.0
0.0
7.5
0.0
-8.0
0.0
0.0
0.0
0.0
0.0
0.0
0.0
0.0
0.0
0.0
-8.5
0.0
0.0
0.0
0.0
0.0
0.0
0.0
-8.5
0.0
0.0
-9.0
0.0
0.0
0.0
-7.5
0.0
0.0
0.0
0.0
0.0
0.0
0.0
0.0
0.0
0.0
0.0
0.0
0.0
0.0
0.0
0.0
0.0
0.0
10.5
0.0
0.0
-11.5
0.0
0.0
0.0
-9.0
0.0
0.0
0.0
0.0
0.0
0.0
-8.0
0.0
-14.0
0.0
0.0
0.0
0.0
0.0
0.0
0.0
0.0
0.0
10.0
0.0
14.0
-7.5
0.0
8.0
0.0
0.0
0.0
0.0
0.0
0.0
0.0
0.0
11.0
0.0
0.0
0.0
0.0
0.0
0.0
0.0
0.0
0.0
0.0
0.0
0.0
0.0
0.0
8.0
0.0
0.0
0.0
0.0
0.0
-14.5
8.0
0.0
-9.5
-7.5
0.0
0.0
0.0
0.0
-11.0
0.0
0.0
-10.5
0.0
0.0
0.0
0.0
-11.0
0.0
-9.0
10.0
0.0
0.0
0.0
0.0
0.0
0.0
0.0
0.0
0.0
0.0
0.0
0.0
0.0
0.0
0.0
0.0
-11.0
0.0
0.0
0.0
-13.0
0.0
0.0
0.0
0.0
9.5
0.0
0.0
0.0
0.0
0.0
0.0
0.0
0.0
0.0
0.0
0.0
0.0
0.0
0.0
0.0
0.0
0.0
0.0
0.0
0.0
0.0
0.0
0.0
0.0
0.0
0.0
0.0
0.0
0.0
0.0
0.0
0.0
0.0
0.0
0.0
0.0
0.0
0.0
0.0
0.0
8.0
-14.5
0.0
0.0
0.0
0.0
0.0
0.0
0.0
13.0
0.0
0.0
0.0
7.5
0.0
0.0
0.0
0.0
0.0
0.0
0.0
0.0
0.0
0.0
0.0
0.0
13.0
0.0
0.0
0.0
0.0
0.0
0.0
0.0
0.0
0.0
0.0
0.0
0.0
0.0
0.0
0.0
0.0
0.0
0.0
0.0
0.0
0.0
0.0
0.0
0.0
0.0
0.0
0.0
0.0
0.0
0.0
0.0
0.0
0.0
0.0
0.0
0.0
11.5
0.0
0.0
-7.5
0.0
0.0
0.0
0.0
0.0
0.0
0.0
0.0
0.0
9.0
0.0
13.0
0.0
0.0
0.0
0.0
0.0
0.0
-7.5
0.0
0.0
0.0
0.0
0.0
0.0
0.0
0.0
0.0
0.0
0.0
0.0
0.0
0.0
0.0
0.0
0.0
0.0
-9.5
0.0
0.0
0.0
0.0
0.0
0.0
0.0
0.0
8.5
0.0
0.0
-7.5
0.0
0.0
0.0
0.0
0.0
0.0
8.5
0.0
0.0
0.0
0.0
9.0
0.0
0.0
0.0
0.0
0.0
0.0
0.0
0.0
0.0
0.0
0.0
0.0
0.0
0.0
0.0
0.0
8.0
0.0
0.0
0.0
-7.5
0.0
0.0
0.0
0.0
0.0
0.0
-7.5
0.0
0.0
0.0
0.0
0.0
0.0
11.0
0.0
0.0
0.0
0.0
0.0
0.0
0.0
0.0
0.0
0.0
0.0
0.0
0.0
0.0
0.0
0.0
9.5
0.0
0.0
-12.0
0.0
0.0
0.0
0.0
0.0
0.0
0.0
0.0
0.0
0.0
0.0
0.0
0.0
0.0
0.0
0.0
0.0
0.0
0.0
0.0
0.0
0.0
0.0
