16.8369140625
-0.0966796875
0.263671875
0.078125
0.22265625
0.078125
0.21484375
0.11328125
-0.7265625
0.59375
0.2421875
0.8203125
-0.2265625
0.453125
-0.15625
0.4921875
1.34375
-0.078125
-0.15625
1.125
-0.734375
-0.1875
-1.53125
0.046875
-0.375
0.171875
0.0
-0.9375
-0.40625
1.78125
-1.578125
-0.28125
1.09375
1.65625
-0.4375
0.78125
-0.71875
-0.53125
1.4375
0.0625
-0.625
-0.28125
-2.3125
-3.0
0.0
0.75
1.0
-1.78125
-1.0
0.25
-4.0
0.90625
0.375
-0.625
-0.21875
0.53125
0.03125
-2.28125
0.46875
-1.09375
-1.90625
-0.375
-0.09375
0.90625
1.8125
0.125
1.4375
0.375
-1.0625
1.9375
-3.8125
5.875
0.875
0.6875
1.375
0.4375
-2.25
0.0
-0.25
1.5
0.0625
3.6875
3.625
1.0625
1.1875
-2.6875
-0.25
0.0
-1.6875
3.0625
2.375
0.875
1.625
-0.25
1.75
1.5625
0.5
2.625
0.125
1.125
0.5
-0.25
1.9375
-1.125
-3.625
0.125
0.125
1.5
1.4375
-0.125
0.6875
-0.25
0.5625
0.0
0.9375
1.875
1.0
1.0625
2.0
1.0625
0.0
-0.4375
-0.1875
-2.9375
0.125
-1.1875
0.4375
1.875
-3.0
-0.875
-1.125
0.125
-2.5
-2.875
4.125
3.875
4.625
1.75
-1.75
1.375
2.5
-1.375
-3.125
-3.125
0.625
0.625
-1.625
1.25
-1.875
-0.875
1.0
1.625
-3.5
0.5
-1.875
2.125
-1.625
-0.625
3.5
3.75
-2.25
-1.875
-3.125
2.25
-0.375
-0.625
-0.875
0.75
-2.0
-3.875
-1.75
6.375
-1.25
1.25
-0.25
2.0
-0.5
0.375
-0.5
1.625
-1.125
-0.875
-0.125
3.125
0.5
1.25
0.625
3.125
-2.5
0.5
2.125
-2.5
1.125
-3.375
0.0
-1.25
-1.75
2.0
-0.5
-0.5
-1.875
1.625
-0.375
0.875
2.875
-2.75
4.75
1.5
-1.25
0.25
-1.0
4.5
-4.75
-0.25
0.125
1.125
-1.625
-1.5
0.75
-1.5
1.75
-4.375
1.75
-0.5
1.75
1.875
-0.375
-1.625
1.875
2.75
2.375
1.375
-1.875
-2.125
-2.5
-5.125
-2.0
-0.75
0.0
0.375
0.75
0.5
-1.875
-1.0
-1.75
-3.875
0.5
3.125
2.0
-2.75
-3.375
2.25
-2.125
0.75
1.5
5.75
-0.25
-5.75
-4.75
-8.5
-5.75
7.5
6.25
0.5
-3.75
-9.75
0.5
-6.75
2.5
4.25
0.5
0.75
0.0
2.75
5.75
-4.75
1.0
3.5
-6.75
7.5
6.5
1.0
-1.25
-3.0
-2.5
0.25
0.75
-2.5
-5.0
-5.75
5.75
4.0
-6.5
-2.75
1.5
4.5
1.0
3.25
1.25
-6.5
-2.5
1.5
4.75
4.5
4.5
-4.0
-4.5
-0.5
-4.5
-4.75
8.5
-0.25
2.75
-3.0
-4.75
7.5
5.0
-0.5
-0.25
-7.25
1.75
1.25
-0.5
-1.75
3.75
2.5
-5.75
5.75
0.0
2.75
-2.0
-0.75
0.0
2.75
-7.0
2.5
0.5
-1.0
-2.75
-7.5
-2.0
0.0
-2.5
2.25
-1.0
3.0
5.5
0.5
1.25
-1.75
3.0
-3.5
7.5
-0.5
4.25
-0.5
3.25
-0.25
-5.25
3.0
-4.75
-4.5
3.25
2.5
-1.25
1.5
-0.25
-3.0
-3.75
2.25
-3.25
9.75
-1.5
1.25
-0.5
3.25
2.0
3.5
7.5
-3.0
-3.0
3.25
0.75
4.75
-6.75
-5.5
0.75
-8.0
-0.75
-5.25
-4.25
-1.75
-0.5
-2.5
-5.5
-5.5
-1.75
1.25
4.0
-0.5
3.25
1.5
-5.25
5.5
2.0
3.75
-0.25
0.0
5.0
-1.25
2.5
2.5
-2.0
5.0
-2.5
-3.5
-5.25
-0.75
5.0
-3.5
0.0
-1.5
2.25
-1.25
-1.0
1.0
-6.75
0.75
-2.5
-12.25
2.0
1.25
1.0
-2.25
8.25
1.75
-1.75
-2.75
1.25
0.25
1.75
2.75
-4.75
0.0
-3.75
2.75
5.0
-1.5
6.75
1.75
2.75
-1.0
1.0
0.25
-1.75
-0.5
-0.75
4.5
0.75
3.75
-0.25
1.5
-2.5
-2.25
3.0
0.25
-1.75
1.0
1.0
3.0
1.25
1.0
-2.25
-8.75
-10.0
7.5
4.5
5.5
0.75
2.5
3.0
1.5
0.75
0.25
0.25
3.5
2.0
2.5
-0.5
-0.5
-2.75
0.5
1.25
-0.75
-0.25
-2.0
4.0
-1.0
-5.0
3.0
4.5
-3.75
-1.0
9.0
0.75
3.0
-3.75
-6.25
-8.0
0.0
-4.5
6.0
0.5
1.0
5.0
2.5
-2.5
4.0
5.5
1.5
7.0
3.5
-0.5
3.5
-5.0
3.5
0.0
4.0
-3.0
1.5
6.0
0.5
3.0
8.0
6.5
-4.0
4.5
0.5
1.0
-2.5
-0.5
0.5
2.0
-1.5
-4.0
5.0
-0.5
-4.0
0.0
-1.5
2.0
-2.5
-2.5
0.5
5.5
9.5
-3.0
7.5
-4.5
0.5
-2.0
0.0
3.5
-5.5
3.0
0.5
-7.0
-4.0
1.5
-0.5
4.5
-1.0
8.0
1.5
4.0
0.0
-5.0
5.0
-5.0
-3.5
-5.0
-5.5
3.0
6.0
5.5
6.5
1.5
3.0
7.0
2.0
1.5
-4.5
-1.5
0.5
8.5
-2.0
2.0
1.5
9.0
3.0
-12.0
-8.0
2.0
-12.0
6.0
-4.5
4.5
4.5
-8.5
-5.5
-1.0
-6.0
-1.0
6.0
5.0
4.0
8.5
-3.5
1.0
7.5
-5.5
-8.5
-1.5
-1.0
0.0
1.5
9.5
-2.5
-7.0
2.5
6.5
-7.5
-4.0
-1.0
-6.5
-0.5
0.0
1.5
1.5
0.0
-1.0
-6.5
-1.0
-0.5
-1.0
-3.0
10.5
-12.0
-1.0
-3.5
-6.0
-4.0
1.5
-7.0
-4.5
-1.0
5.5
5.5
5.0
-9.5
5.0
-10.0
3.5
2.0
-5.0
0.0
8.5
-2.0
2.5
-0.5
-0.5
6.5
4.5
9.5
0.0
1.0
2.0
6.5
6.0
0.0
-1.0
5.0
0.5
-3.5
7.0
-1.0
-10.0
-5.5
-5.0
6.0
-4.5
6.5
-9.5
-7.5
4.0
4.0
4.5
-3.0
-11.0
-6.5
0.5
3.5
-2.0
-3.0
5.0
2.0
-5.0
2.0
-7.0
2.5
-3.5
-0.5
-5.5
9.0
-4.0
1.5
8.0
-0.5
-3.0
-5.0
-1.0
6.5
3.5
3.5
-3.5
4.0
2.5
1.5
-1.5
-4.0
-2.5
-1.5
4.0
7.5
-10.0
1.0
1.0
0.5
3.0
-1.5
3.0
2.5
4.5
0.0
-3.5
9.5
-2.0
4.5
-12.5
-0.5
-7.0
7.5
-1.0
-6.0
7.5
3.5
5.0
0.0
6.5
0.5
-2.0
-8.0
-4.0
-11.5
-3.0
0.5
3.0
-4.5
4.5
0.0
6.5
-4.5
-8.5
-6.0
-4.5
-1.5
2.5
-3.0
-2.0
-3.5
-7.5
2.0
8.5
-7.0
-2.5
15.5
-1.0
7.0
-3.0
-4.0
5.0
-7.0
3.0
2.5
-3.0
1.5
-3.5
-6.5
1.0
14.0
1.5
7.0
-1.5
3.5
5.5
3.0
1.0
-2.0
-7.0
-3.0
4.5
-1.0
5.5
-6.0
-3.0
1.0
1.0
0.0
4.0
2.5
1.0
0.0
4.5
2.5
2.0
5.0
-4.5
4.5
0.5
6.5
-11.5
-6.5
0.5
1.0
2.5
7.0
4.5
0.5
-0.5
-2.5
2.0
-4.0
0.5
-1.5
8.5
-2.0
0.0
0.5
7.0
1.0
5.5
1.5
-5.5
-7.0
-2.5
3.0
0.0
1.0
0.0
-0.5
3.5
14.5
12.5
-4.0
1.0
1.0
6.0
-4.5
-3.5
2.0
0.0
-3.5
-0.5
2.0
5.0
0.5
1.5
0.0
5.5
-1.0
1.0
-0.5
-3.5
5.0
-1.0
-5.5
-9.5
-5.5
12.5
5.0
-0.5
-6.0
-4.5
-4.5
-1.0
1.0
-5.5
-7.0
0.0
-3.5
3.5
-10.0
4.0
2.0
1.0
-14.0
0.0
3.5
4.0
-0.5
14.5
0.5
0.0
-5.5
-4.5
8.5
-0.5
-1.0
3.0
-3.5
8.5
8.0
1.5
-4.5
0.5
-6.5
-7.0
-0.5
-4.5
-14.5
5.5
0.0
-1.5
1.0
2.5
-1.5
1.0
-1.0
-2.0
6.0
-0.5
-5.0
-7.5
-1.5
-7.0
0.5
0.5
5.0
0.5
6.5
3.5
3.5
-4.0
3.0
7.0
-3.0
-0.5
5.0
-2.5
7.5
-2.5
3.5
2.5
5.5
-2.0
-6.5
-3.5
-4.0
4.5
0.0
0.5
-0.5
-4.0
-3.0
4.5
-0.5
1.0
-1.0
0.5
7.5
-8.0
-2.5
5.0
-3.0
0.0
-1.5
7.0
-7.5
-6.0
-3.5
1.0
2.0
-5.0
0.0
-6.0
1.0
1.0
2.0
-5.5
0.5
0.0
-5.0
7.5
-9.0
-5.5
4.5
6.0
5.0
-1.5
2.0
0.0
-8.0
1.0
-6.5
7.0
9.5
-5.0
-2.0
0.0
-1.0
-2.0
6.0
1.0
1.0
