1018.005859375
0.03515625
-0.248046875
-0.029296875
-1.61328125
-0.515625
1.82421875
0.1328125
0.1328125
0.46875
2.3671875
0.5390625
0.484375
0.9921875
2.1171875
-0.9140625
-1.09375
-0.453125
-1.15625
-0.5
3.453125
-1.71875
-0.53125
-0.734375
0.1875
1.1875
0.796875
-0.0625
3.1875
-0.234375
1.359375
0.40625
2.40625
-0.84375
-0.84375
-2.1875
1.21875
-3.96875
-3.8125
0.6875
-2.03125
-0.125
-0.0625
-1.5625
1.1875
1.8125
-2.09375
-3.375
-0.375
0.0625
-2.90625
-4.15625
0.03125
0.125
4.5
-4.3125
1.5
-1.625
5.15625
0.5
5.4375
-1.53125
2.5625
-3.4375
3.875
-0.1875
-0.3125
0.25
-3.625
4.9375
-0.9375
11.4375
5.5625
10.75
-0.6875
-7.5
1.375
-5.375
-3.375
-1.25
3.8125
-4.625
5.1875
0.6875
2.125
6.125
-1.9375
-1.0625
-2.75
0.0
-1.6875
-0.3125
2.5625
2.625
3.0
5.625
-1.0625
-2.4375
-0.375
5.5
10.9375
1.875
2.5625
-0.5
-1.9375
5.75
3.6875
1.6875
-5.6875
-4.4375
-2.0
-4.375
-0.1875
0.0625
-1.5625
-2.3125
1.8125
1.75
-2.875
4.0
-2.875
-6.25
-2.1875
-3.875
-1.75
-2.375
-4.1875
-1.3125
0.5
2.0
3.125
8.0
4.25
2.875
-3.75
-10.0
4.625
-1.125
-4.875
2.0
2.375
5.5
3.375
-1.0
2.75
-4.125
0.0
5.0
3.875
14.0
9.25
-5.25
-4.0
6.5
-0.375
3.875
2.0
-5.75
2.0
10.0
-5.125
-4.75
3.25
7.25
-1.0
-4.875
5.25
-2.875
1.5
8.75
-2.625
2.375
-3.625
-1.5
5.875
0.25
7.75
-12.25
-2.625
-1.375
10.75
-2.375
3.0
0.625
-4.0
0.625
-5.0
-2.75
-6.125
-2.625
0.0
7.5
-5.75
-0.125
-4.125
-5.5
-7.0
6.25
-1.5
4.0
-1.75
1.375
-3.0
-2.25
-0.25
-2.625
-6.0
-6.25
-1.25
6.625
-13.125
0.875
2.875
-2.25
2.875
-9.25
-4.125
-5.25
-0.625
3.25
0.625
3.375
-5.125
7.125
-2.5
1.375
-2.5
0.125
-0.375
3.0
3.875
0.5
4.75
2.625
-0.625
-3.625
-5.375
1.125
3.0
-3.25
-5.875
12.375
-2.125
-5.125
-0.375
0.0
-8.5
-4.75
9.75
-2.5
-11.5
-0.25
-4.25
-4.125
1.5
5.625
9.5
-6.5
5.25
3.75
-15.75
-7.0
0.5
2.0
-2.0
10.5
-11.75
0.0
2.75
-9.25
1.0
-1.5
-11.25
6.0
2.75
0.0
1.0
10.25
-13.5
5.0
10.25
2.0
-0.25
-9.75
11.0
-4.75
6.25
4.75
7.25
1.75
-1.25
12.5
5.25
6.75
-4.75
-1.25
11.75
-5.0
-4.75
-1.75
-0.75
-6.25
-2.75
-0.75
-9.5
-10.0
9.75
1.75
-15.5
9.25
-2.0
2.75
-11.75
1.75
0.75
1.25
7.0
-3.0
1.5
-7.0
-17.25
-0.5
-12.5
12.5
10.25
4.25
8.5
10.5
-16.75
-6.75
3.0
7.25
14.25
9.25
6.25
12.5
-12.75
2.25
-14.25
-1.25
9.75
0.5
9.0
-4.25
9.5
9.25
-13.5
-2.0
-6.5
-0.25
0.0
-1.0
0.5
8.0
-4.0
2.0
2.0
-1.25
13.25
10.0
-8.75
-5.75
-13.5
3.25
-14.75
12.25
4.0
4.25
-9.5
7.0
2.0
-4.25
17.25
-18.25
7.75
14.75
-10.5
-9.25
-4.0
13.75
-13.0
-12.0
-3.25
1.25
-8.75
0.75
12.0
-4.25
-2.75
-10.0
-11.75
-2.25
5.25
8.25
0.75
1.75
-2.0
4.0
-9.0
9.0
-0.75
-12.75
4.5
1.75
2.25
5.25
4.75
0.75
16.25
-8.25
3.75
4.5
4.25
-10.25
14.0
-8.0
-7.75
0.75
5.5
0.25
-10.5
-4.25
10.5
2.25
-22.0
-3.75
7.5
8.0
3.25
13.5
-1.75
-0.75
-6.75
9.5
-0.5
-9.0
0.5
1.75
3.75
-7.75
5.5
4.25
0.75
-1.0
4.5
4.75
9.0
7.25
-11.75
11.25
4.0
15.75
11.5
-2.0
0.5
-3.75
-0.5
-13.25
-5.5
-5.0
0.25
0.0
-0.5
1.5
-1.0
9.0
-2.25
-7.0
7.75
-8.5
-4.75
-2.0
-3.0
-9.25
-0.75
10.0
-7.75
5.75
-5.5
0.5
-13.0
2.25
6.5
-4.75
1.0
-1.75
3.0
-1.75
6.5
3.25
-8.25
2.25
-3.75
-7.25
-1.25
4.75
9.75
0.25
7.0
0.0
1.75
-12.75
-2.75
-7.75
-3.5
11.5
-5.5
-1.25
7.0
5.0
7.75
5.0
-11.5
12.5
1.5
11.5
-19.0
-7.5
6.5
8.0
0.0
-0.5
2.5
14.5
10.5
-16.5
7.0
-2.0
-17.5
1.5
-6.5
1.5
5.0
13.5
-7.0
-6.0
6.5
6.0
7.0
-9.5
6.0
-1.0
-9.5
11.5
-4.5
22.0
-8.5
-0.5
-20.0
-0.5
-19.5
-9.5
13.5
13.5
-5.5
16.0
0.0
2.0
-2.5
1.5
7.0
0.5
2.0
9.0
4.5
-20.0
0.0
-5.5
2.5
-20.5
-16.0
0.5
12.5
0.0
-9.0
2.5
0.5
10.0
20.5
5.0
5.0
5.5
-9.0
4.0
15.5
-2.0
1.0
-17.5
5.0
-8.5
0.5
3.0
1.0
-0.5
-4.5
3.5
4.0
11.5
-1.0
-2.5
-1.0
10.5
-2.0
-2.5
22.5
3.0
10.0
-10.5
-1.5
21.5
6.0
17.0
-5.5
3.0
-3.5
-2.0
1.0
-2.0
13.5
-3.0
0.5
-11.5
-7.5
-2.0
7.0
11.5
-7.5
7.0
1.5
-2.0
-8.5
17.0
14.5
10.5
-8.5
3.5
-16.5
15.5
3.0
-14.0
1.0
2.5
7.0
17.0
0.5
-9.5
1.0
1.0
-4.5
-3.0
9.0
1.5
-2.0
0.0
15.5
10.5
0.0
-8.5
-9.0
1.5
2.5
-0.5
-15.5
8.0
4.0
-7.5
10.5
2.0
7.5
-4.0
-15.5
-0.5
1.5
4.0
-13.5
-10.0
4.0
-7.5
-0.5
-4.0
-13.0
-3.5
19.0
-17.0
7.0
1.0
-1.0
-2.5
-19.5
0.5
-20.5
-2.0
0.5
16.5
17.0
10.0
9.0
5.0
-5.5
7.0
8.0
15.0
10.5
-19.5
-14.5
11.5
14.5
1.5
-6.5
7.5
-4.0
13.0
-1.0
-11.0
-16.0
19.5
8.5
-1.0
19.0
-8.0
11.0
-0.5
-1.5
9.0
7.5
8.5
-2.0
-13.5
-1.0
2.5
14.0
1.5
7.0
-6.0
10.0
4.5
3.5
9.5
-20.0
6.0
2.5
11.5
8.0
7.5
-9.5
0.0
8.0
-0.5
-19.0
-1.5
-5.5
-3.0
-2.0
1.0
15.5
2.0
6.0
11.0
-20.0
-1.5
-8.0
8.0
-14.0
8.0
5.0
6.5
-6.5
-6.0
4.5
18.0
5.5
16.0
3.0
4.0
0.0
-18.5
-3.5
15.0
2.5
-10.5
-2.0
7.5
-20.5
11.0
-17.0
-2.5
-7.0
-8.5
5.5
-8.0
-2.0
4.5
7.0
-11.0
14.0
-10.0
-3.5
17.5
11.5
1.5
-6.0
6.5
-16.5
0.0
-11.5
1.5
-2.0
-3.5
-23.5
13.0
-12.5
4.0
-24.0
6.5
21.5
14.0
-2.5
0.0
-4.5
23.0
12.5
0.0
17.5
9.5
13.0
0.5
16.5
2.0
16.5
-2.5
-21.0
-12.0
-7.0
20.5
17.0
13.5
13.0
-4.0
-0.5
4.0
0.0
11.0
-6.5
5.0
-5.5
-0.5
12.5
9.0
0.0
2.0
-8.5
-4.0
3.0
3.0
4.0
4.0
4.0
14.5
3.5
1.5
-0.5
-3.0
-3.0
-7.5
3.0
-16.5
1.5
3.5
-19.5
20.5
19.5
-2.5
-2.0
1.0
5.5
1.0
16.0
-0.5
3.0
10.5
0.0
1.0
10.5
2.0
17.0
-5.5
-3.5
-8.5
14.5
-2.5
-6.0
-1.5
7.0
2.0
-5.0
-2.5
-6.5
6.0
0.5
-16.0
0.5
7.5
3.5
5.0
-18.0
-5.0
21.5
1.5
5.5
-20.5
-18.0
2.5
-10.0
11.0
-1.0
-0.5
-13.5
22.5
-5.0
12.0
1.5
-9.0
-10.5
-9.5
-20.0
-17.0
-15.0
-6.0
8.5
-7.5
14.0
9.0
-10.5
20.0
4.5
7.5
19.5
4.0
0.5
-12.5
-0.5
1.0
8.5
-14.5
3.5
4.5
4.0
19.5
17.0
-14.5
-15.5
-7.5
-13.0
-16.5
-18.5
11.0
-1.0
-12.0
-2.5
-3.5
0.0
17.0
-7.0
21.5
2.5
-11.5
-8.5
-2.0
-0.5
-0.5
-7.0
-5.5
-1.0
-7.0
12.5
-19.0
-10.0
1.0
-2.5
3.0
-3.0
-17.5
6.5
-4.0
1.0
6.5
7.5
-10.0
-14.0
2.5
13.5
13.0
3.5
-2.0
-6.5
-7.0
5.0
-10.0
23.0
7.0
-0.5
0.0
6.0
-3.5
8.0
17.5
-6.5
-17.0
-3.0
-7.0
15.5
2.5
-4.5
11.5
-19.0
22.5
-15.0
-5.0
22.0
-14.0
11.5
-5.0
-22.5
0.5
