19.9208984375
-1.0029296875
-0.984375
-0.677734375
2.07421875
-3.21484375
0.44921875
-0.0625
-0.5390625
1.390625
1.640625
-1.6328125
0.8203125
-0.0625
-0.6640625
0.6640625
1.46875
1.640625
-1.6875
3.8125
0.078125
-5.921875
6.546875
0.75
-5.390625
6.75
-0.265625
0.484375
-1.875
6.578125
-2.546875
-5.5625
-0.4375
4.375
-8.6875
8.09375
2.1875
-4.375
9.46875
-6.15625
3.21875
-5.1875
0.1875
0.03125
2.96875
-1.6875
11.0
4.4375
-0.5
3.28125
2.1875
4.0
7.21875
-7.5625
2.59375
4.6875
-3.4375
4.75
12.34375
-1.1875
-1.65625
-1.75
6.75
-4.25
-11.375
6.0
-5.5
7.875
5.75
-3.625
-14.0
-1.4375
-4.375
1.125
2.1875
2.5625
-10.0
3.9375
-1.625
-6.6875
0.625
-1.8125
-5.1875
10.5625
0.1875
-2.1875
4.125
-12.4375
-8.25
12.4375
-0.375
-5.25
-4.0
-2.625
-2.5625
-3.1875
4.125
2.5
7.6875
3.5
2.5625
-10.3125
9.625
-4.0
-10.4375
-0.625
-4.4375
7.5625
9.5625
-4.875
-0.5625
4.6875
4.8125
-7.9375
1.375
2.125
14.625
-4.0625
1.4375
-3.8125
0.125
9.1875
-5.625
-11.375
-2.3125
4.5625
-0.8125
9.1875
3.875
24.875
-16.625
9.125
-14.625
0.875
0.0
-1.75
5.25
-3.25
-0.25
9.0
-1.25
20.25
1.875
-4.0
-8.875
13.625
-4.0
7.25
-1.25
-3.125
-17.125
-8.5
1.25
17.25
5.75
-1.375
1.125
1.625
-5.125
14.0
8.0
10.5
-9.625
0.0
-5.875
8.0
10.25
-1.875
2.25
-1.125
-1.25
-1.875
3.625
9.875
5.75
-11.875
-21.25
6.75
-4.75
7.375
-10.125
1.625
1.875
-13.125
16.0
10.75
-5.125
-5.625
13.625
-0.75
-9.375
11.5
11.75
3.25
-0.625
-5.875
-8.625
-17.5
-9.125
-5.125
-12.375
8.0
-12.625
18.25
18.25
-4.5
2.375
8.625
6.25
-15.875
-7.125
-7.125
0.25
-15.375
20.375
-5.25
2.25
8.125
-6.375
-17.125
-10.5
-13.625
-7.375
-7.5
11.375
-8.0
-0.5
-5.625
8.875
5.625
5.875
-1.375
12.0
-1.0
10.375
-1.0
-12.875
-2.5
10.5
10.125
-7.25
13.75
-2.125
6.0
3.5
6.5
7.25
1.75
-2.875
-3.0
0.25
-2.375
3.5
-20.125
-5.25
-16.875
11.0
-1.25
-29.75
-5.0
2.25
-2.5
13.0
4.25
0.25
-7.0
19.75
-26.0
0.0
-4.0
1.5
-2.0
-9.5
3.5
3.5
-10.0
-23.5
16.5
14.5
15.5
-9.75
-6.75
22.75
-18.75
-3.25
6.5
-0.25
14.75
0.5
-14.75
19.25
4.5
1.0
15.0
11.5
-3.0
-1.5
15.0
1.25
-8.0
2.75
24.0
8.75
28.25
-14.0
-12.5
-13.5
-15.5
16.0
6.0
-1.5
4.75
3.0
0.25
-1.75
-1.5
1.5
-12.25
25.5
2.5
-16.75
-0.25
-28.5
0.5
-1.25
4.5
-15.0
-15.5
1.0
7.25
-9.75
9.25
32.75
-20.75
-5.0
-7.75
3.75
-5.75
3.0
-0.25
4.0
-1.0
-8.25
3.5
-23.75
-4.0
-19.75
-1.5
6.75
-0.75
20.0
-6.75
0.5
33.5
15.0
-10.5
-8.75
-25.75
13.5
3.25
0.75
-19.5
-13.75
8.0
3.75
3.5
-7.75
-4.5
-25.0
11.5
15.25
7.75
-3.75
14.0
-4.5
-17.25
-5.5
-3.75
8.75
20.75
5.5
-23.75
2.25
-8.75
14.5
-6.5
8.75
3.25
16.0
-17.25
6.75
-17.0
-24.75
10.0
-3.5
9.5
14.5
-15.75
7.0
16.25
-17.0
28.25
24.25
9.75
0.0
-12.75
-25.5
-2.5
-8.5
-7.0
0.0
-10.5
-2.0
0.75
-9.75
1.0
9.5
-6.0
-16.75
11.5
0.5
-15.75
3.75
-8.5
3.25
-5.25
-0.5
21.25
-27.5
11.25
-10.25
21.25
1.75
-6.75
-17.0
-1.25
1.5
-2.25
2.5
36.25
-6.0
11.0
9.0
0.25
-7.5
-18.75
1.5
-5.0
-3.25
-1.0
-0.25
7.25
-12.5
-8.5
-23.75
-33.0
-3.25
-19.0
-9.75
16.5
-25.0
-0.75
-11.5
14.25
19.75
-24.25
3.0
-1.5
19.25
-0.5
-7.0
-19.5
-2.0
14.25
-9.5
-0.5
11.5
-1.0
1.75
-1.5
2.0
16.5
-26.75
1.75
12.5
13.25
-2.25
-3.25
-14.5
3.5
-33.75
8.75
-17.5
6.5
-2.75
-11.25
11.0
-13.75
-17.5
-9.0
12.5
-5.5
-0.75
-0.5
23.5
9.5
1.0
-3.75
3.25
5.25
3.75
19.5
15.0
-1.0
-3.0
0.5
24.0
7.5
-1.0
8.0
12.0
7.5
-22.5
-45.5
-36.5
9.5
-5.5
0.0
-1.5
0.0
20.5
35.5
-46.5
7.0
0.0
25.0
11.5
20.5
-14.5
1.5
-4.5
1.5
-4.5
-0.5
10.0
16.0
15.5
-8.5
-7.0
0.0
0.0
20.0
-1.5
29.5
10.0
-10.0
-16.0
-27.0
39.0
-9.0
1.0
16.5
-6.5
-16.0
-5.0
-35.5
-1.0
-35.5
-7.0
11.5
-6.0
0.0
3.0
2.5
30.0
-0.5
3.0
-1.0
0.5
-17.0
-26.0
3.5
-12.0
3.0
9.5
8.5
28.5
2.5
-28.0
-7.0
1.0
-5.0
13.0
13.0
31.0
2.0
-5.5
3.0
5.5
22.5
-9.5
-1.0
-3.0
16.0
15.0
2.5
39.5
0.0
-3.0
32.0
-1.0
-18.0
40.5
4.5
2.0
23.0
33.5
1.5
-11.0
0.0
-1.0
4.0
6.0
0.5
-1.0
0.0
-1.0
-0.5
5.0
8.5
2.0
0.0
-3.5
2.5
-1.0
9.5
13.0
11.0
2.0
5.0
-4.5
-46.0
6.0
-13.5
2.0
-13.0
10.0
-9.0
-1.5
-4.0
-26.5
-17.5
-1.0
-30.0
-0.5
-31.5
-2.0
0.0
-20.0
-0.5
-15.5
18.0
17.5
0.0
-19.0
-9.5
-2.0
-43.5
3.0
-14.0
-2.0
-14.5
-0.5
5.0
0.5
-11.0
10.0
2.0
8.0
-9.5
8.5
0.5
1.0
2.0
0.0
-16.5
11.5
7.5
3.0
-43.5
-15.5
-20.5
0.0
-45.5
4.5
-0.5
20.0
-2.5
1.0
-1.5
-11.5
0.5
37.5
-47.0
0.0
0.0
-9.5
6.5
21.0
-28.0
12.0
-42.0
-23.0
40.5
-15.5
-32.0
2.5
4.5
7.5
-1.0
0.5
-1.0
2.5
-38.5
0.5
28.0
-5.0
1.0
9.0
8.5
12.0
1.0
0.0
-4.5
23.5
35.5
-20.5
18.5
-17.0
-4.0
-13.5
-14.0
-28.5
-18.0
-2.0
1.5
-28.0
1.0
1.0
15.0
3.5
-24.0
33.0
40.0
3.5
4.0
27.0
-9.5
-1.5
-9.0
-4.5
-0.5
-1.0
38.5
19.5
24.0
1.5
19.0
-41.0
16.0
-0.5
-9.5
13.5
-5.0
-9.5
3.0
-30.5
-1.5
1.5
-12.0
-9.0
-0.5
-2.0
-36.0
-2.5
-27.0
26.5
25.5
-0.5
-7.5
45.5
28.5
-26.5
-1.5
-18.5
-45.0
-12.0
-7.0
8.5
5.0
1.0
34.0
9.0
5.5
-36.5
-9.0
-27.0
-6.5
-0.5
0.5
-13.0
-38.5
-25.5
-3.5
0.0
3.0
-31.5
-45.5
-0.5
10.5
-2.0
2.0
-0.5
-20.5
-3.5
-8.5
2.5
1.0
11.0
-24.5
-4.5
-2.5
-30.0
-9.0
1.0
-7.0
-1.5
-37.0
-1.5
-40.5
3.0
3.0
-2.0
19.5
6.5
-1.0
7.5
24.5
-9.5
-2.0
-0.5
10.0
0.0
1.0
13.5
-2.0
1.0
-7.0
-10.0
1.5
-3.5
-19.0
45.5
-2.0
31.5
30.0
0.5
25.0
3.5
-35.5
2.0
4.5
-6.0
-4.0
-16.0
-20.5
7.0
2.0
0.0
1.5
-1.0
-1.0
-44.0
13.0
19.0
-1.0
-37.5
4.0
-0.5
-1.5
-6.0
22.5
-3.0
0.0
11.5
-19.5
-23.5
25.0
5.0
-8.0
-1.5
0.0
8.0
-8.5
-0.5
19.5
1.5
22.5
0.0
38.5
1.0
-20.0
-29.5
40.0
0.0
-26.0
15.0
-17.5
-36.0
-1.0
0.0
-39.0
-1.5
12.0
2.0
23.0
-9.5
1.0
11.5
31.0
14.5
-21.0
26.5
-15.5
-20.0
25.0
7.0
1.5
-0.5
0.5
-11.5
-25.5
1.0
-35.0
0.0
4.0
-39.0
-7.5
0.0
8.0
14.0
7.0
5.0
-7.0
0.5
-0.5
-23.5
11.0
8.0
-10.0
12.0
-7.0
40.0
7.0
4.0
-37.5
-5.0
1.5
24.0
15.0
-43.0
-9.5
-7.0
-12.5
-1.0
8.5
-5.5
-29.5
-2.5
-7.5
0.5
-12.0
5.0
-12.5
-4.0
-31.0
12.5
-0.5
13.0
41.5
-7.0
-45.5
27.0
-1.0
-6.0
-16.5
-3.0
-27.0
0.5
-30.5
25.0
0.0
1.5
-9.5
0.0
-0.5
-5.0
2.0
-46.5
0.5
23.5
-5.5
-3.0
-1.0
-5.5
-30.0
-1.0
30.5
-27.5
39.0
2.5
0.0
-23.0
-7.0